data set name:credit-rating
credit-rating
num value:credit-rating
2,0,0,4,3,14,9,0,2,2,0,2,3,0,0,2,credit-rating
0,30,0,0,0,9,0,1,0,0,1,1,0,202,0,1
1,58,4,0,0,8,1,3,0,0,6,1,0,43,560,1
1,24,0,0,0,8,1,1,0,1,0,1,0,280,824,1
0,27,1,0,0,9,0,3,0,0,5,0,0,100,3,1
0,20,5,0,0,9,0,1,0,1,0,1,2,120,0,1
0,32,4,0,0,6,0,2,0,1,0,0,0,360,0,1
0,33,1,0,0,7,1,6,0,1,0,0,0,164,31285,1
1,22,11,0,0,2,0,0,0,1,0,1,0,80,1349,1
0,54,0,1,1,5,1,3,0,1,0,1,0,180,314,1
0,42,4,1,1,9,0,3,0,1,0,0,0,52,1442,1
0,22,0,0,0,0,1,2,1,1,0,0,0,128,0,1
0,29,1,0,0,0,1,4,0,1,0,1,0,260,200,1
1,38,6,0,0,5,0,1,0,1,0,0,0,0,0,1
0,48,6,0,0,5,0,0,1,1,0,1,0,0,2690,1
1,45,10,0,0,8,0,5,0,0,7,0,0,0,0,1
0,36,4,1,1,5,0,0,0,0,10,0,0,320,0,1
0,28,0,0,0,6,0,0,0,0,3,0,0,396,0,1
1,23,5,0,0,8,0,3,0,0,10,1,0,120,245,1
0,21,0,0,0,1,1,0,0,1,0,0,0,0,0,1
1,19,8,0,0,2,1,0,0,0,7,1,0,96,0,1
0,25,11,0,0,0,0,2,0,0,17,1,0,200,1208,1
0,23,1,0,0,0,0,0,0,1,0,1,2,300,0,1
1,47,8,0,0,0,0,7,0,0,6,0,0,0,1260,1
1,27,14,0,0,10,1,3,0,0,1,1,0,120,11,1
1,41,6,0,0,8,0,0,0,0,3,0,0,145,0,1
1,15,0,0,0,0,1,1,0,0,2,1,0,100,0,1
1,47,13,0,0,3,2,5,0,0,9,0,0,0,0,1
0,56,18,0,0,1,2,15,0,0,17,0,0,0,0,1
0,57,8,0,0,11,1,7,0,0,3,1,0,0,0,1
0,42,1,0,0,9,0,5,0,0,6,0,0,500,10000,1
0,29,14,0,0,12,0,5,0,0,5,0,0,168,0,1
0,42,9,0,0,10,1,7,0,0,8,1,0,0,0,1
0,49,7,0,0,3,2,7,0,0,15,0,0,0,5000,1
1,36,5,0,0,11,0,5,0,1,0,0,0,0,4000,1
1,22,10,0,0,8,0,0,0,0,5,0,0,0,560,1
0,27,1,0,0,9,0,2,0,0,11,0,0,434,35,1
0,27,1,0,0,2,1,1,0,0,12,0,0,583,713,1
1,23,11,0,0,10,1,0,0,0,2,0,0,300,551,1
0,27,0,1,1,2,0,0,0,0,2,1,0,260,500,1
0,54,9,0,0,13,7,14,0,0,11,0,0,30,300,1
0,34,9,0,0,0,0,4,0,0,12,0,0,0,221,1
0,28,15,0,0,0,1,5,0,0,11,1,0,0,2283,1
0,29,1,0,0,9,1,0,0,0,1,1,0,240,100,1
0,39,13,0,0,9,0,8,0,0,6,0,0,70,0,1
0,56,28,1,1,0,0,28,0,0,40,1,0,0,15,1
0,54,6,0,0,0,1,2,0,0,11,0,0,0,284,1
1,41,2,1,1,8,1,0,0,0,23,0,0,455,1236,1
0,31,4,0,0,2,1,6,0,0,3,1,0,311,300,1
0,41,1,0,0,3,2,3,1,1,0,1,0,216,0,1
0,23,0,0,0,0,0,0,1,1,0,1,0,100,0,1
1,25,0,0,0,0,1,0,0,1,0,0,0,491,0,1
0,26,1,0,0,8,0,1,0,1,0,0,0,280,0,1
0,37,2,0,0,9,0,0,0,1,0,0,0,400,5800,1
0,34,2,0,0,9,0,0,0,1,0,0,0,239,200,1
0,34,3,0,0,2,1,7,0,1,0,0,0,0,0,1
0,23,11,1,1,9,0,0,0,1,0,0,0,160,300,1
0,23,0,0,0,2,0,0,0,1,0,1,0,0,0,1
0,44,0,0,0,3,1,5,0,1,0,0,0,320,0,1
0,35,4,0,0,10,1,5,1,1,0,0,2,711,0,1
0,43,3,0,0,8,1,6,0,0,11,1,0,80,0,1
0,56,12,0,0,6,0,1,0,0,4,0,0,200,0,1
0,31,16,0,0,1,0,3,0,0,9,1,0,250,730,1
1,23,0,1,1,8,0,1,0,0,2,0,0,80,400,1
1,20,0,0,0,8,0,1,0,0,1,1,0,0,0,1
0,26,4,0,0,2,0,4,0,0,1,0,0,120,0,1
0,34,1,0,0,2,0,1,0,0,1,0,0,520,50000,1
1,36,1,0,0,0,0,2,0,0,11,1,0,0,456,1
0,25,0,0,0,6,0,0,0,0,3,1,0,260,15108,1
0,19,6,0,0,9,1,1,0,0,7,1,0,80,2954,1
0,35,25,0,0,10,1,1,0,0,1,0,0,515,500,1
0,32,7,0,0,11,2,1,0,1,0,0,2,420,0,2
0,34,4,0,0,1,2,12,0,1,0,0,0,184,0,2
1,38,5,0,0,2,0,13,0,1,0,0,0,980,0,2
0,44,0,0,0,6,0,10,0,1,0,1,2,400,0,2
0,44,7,1,1,0,0,1,1,1,0,1,0,160,2,2
0,20,5,0,0,8,0,0,0,0,1,1,0,160,0,2
0,34,6,0,0,12,0,0,0,1,0,0,0,443,0,2
1,19,0,1,1,12,0,0,0,1,0,0,0,160,0,2
0,21,1,1,1,5,0,2,0,0,1,1,0,180,20,2
0,21,9,0,0,0,0,0,0,1,0,1,0,140,0,2
0,49,19,0,0,13,7,0,0,0,1,1,0,94,0,2
1,27,1,0,0,6,0,2,0,1,0,1,2,368,0,2
0,39,0,0,0,6,0,0,0,1,0,1,2,288,0,2
1,31,3,0,0,1,0,3,0,1,0,0,0,300,0,2
0,27,0,0,0,12,0,0,0,1,0,0,0,200,0,2
0,37,4,0,0,0,2,5,0,1,0,0,2,280,0,2
0,31,0,0,0,1,0,0,0,1,0,0,2,928,0,2
0,25,2,1,1,12,0,4,0,1,0,1,0,188,0,2
0,34,4,0,0,12,0,1,0,1,0,0,0,240,0,2
1,49,1,0,0,4,3,0,0,1,0,0,0,100,27,2
0,62,12,1,1,0,1,5,0,1,0,1,0,112,0,2
0,31,15,0,0,0,0,0,0,1,0,1,0,120,0,2
0,31,5,1,1,12,0,8,0,1,0,1,0,0,0,2
0,52,1,1,1,0,1,9,0,1,0,0,0,200,100,2
0,28,1,1,1,0,0,1,0,1,0,0,0,0,225,2
1,28,3,0,0,3,2,0,0,1,0,0,0,171,0,2
0,23,0,1,1,12,0,0,0,1,0,1,0,180,1,2
0,31,0,0,0,0,2,0,0,1,0,0,2,320,0,2
1,22,11,1,1,8,0,3,0,1,0,0,0,268,0,2
1,28,1,0,0,8,0,1,0,0,2,0,0,167,500,2
0,37,1,1,1,0,2,0,0,1,0,0,0,164,400,2
0,35,16,1,1,0,0,4,0,1,0,1,0,80,0,2
0,18,5,0,0,8,0,0,0,0,2,1,0,0,38,2
0,25,12,0,0,5,0,2,0,0,2,0,0,120,5,2
0,27,4,1,1,3,1,5,0,0,2,0,0,75,0,2
0,54,15,0,0,11,5,0,0,0,20,1,0,152,130,2
0,28,1,0,0,5,0,0,0,1,0,1,2,280,0,2
1,25,11,1,1,12,0,4,0,1,0,1,0,120,0,2
0,40,2,1,1,10,1,10,0,1,0,0,0,176,0,2
1,19,0,0,0,0,0,0,0,0,5,0,0,140,5,2
0,29,3,0,0,9,0,3,0,0,3,0,0,329,0,2
1,24,1,1,1,13,7,0,0,0,3,1,0,180,147,2
0,24,12,0,0,9,0,0,0,1,0,0,0,260,0,2
1,33,0,0,0,5,2,1,0,0,3,0,0,212,0,2
0,20,1,1,1,0,1,1,0,0,3,0,0,140,210,2
1,25,1,0,0,8,0,1,0,0,2,1,0,200,0,2
0,37,7,0,0,8,1,11,0,0,7,0,0,300,5,2
0,52,6,0,0,5,0,6,0,0,15,1,0,0,11202,1
0,57,7,0,0,6,0,14,0,0,6,0,0,360,1332,1
1,20,10,0,0,2,1,0,0,0,1,0,0,80,50,1
0,39,6,0,0,8,0,0,0,0,1,1,0,200,300,1
0,25,12,0,0,2,0,1,0,0,67,0,0,140,258,1
1,24,12,0,0,12,0,1,0,0,12,0,0,120,567,1
1,44,6,0,0,8,0,7,0,0,3,0,0,0,0,1
1,23,9,0,0,8,0,8,0,0,5,0,0,120,0,1
0,34,5,0,0,10,1,7,0,0,6,0,0,0,1000,1
0,47,2,0,0,6,2,2,0,0,12,0,0,410,2510,1
0,22,11,0,0,8,0,2,0,0,7,0,0,100,809,1
0,34,4,0,0,3,2,3,0,0,2,1,0,274,610,1
1,28,3,0,0,9,0,0,0,1,0,1,2,280,0,1
0,67,5,0,0,11,5,13,0,0,1,0,0,0,0,1
0,20,1,0,0,0,0,2,0,0,1,1,0,100,150,1
1,47,8,0,0,11,2,6,0,0,6,1,0,375,51100,1
0,36,5,0,0,0,2,2,0,0,6,1,0,0,367,1
0,32,5,0,0,8,1,5,0,0,12,0,0,408,1000,1
0,48,6,0,0,8,1,6,0,1,0,0,0,350,0,1
0,39,0,1,1,12,0,0,0,0,3,1,0,200,1000,1
0,33,2,0,0,6,0,4,0,0,6,1,0,204,0,1
1,18,9,0,0,9,0,1,0,0,6,0,0,40,600,1
1,26,13,0,0,8,1,5,0,0,2,1,0,0,5000,1
1,31,3,0,0,2,1,0,0,0,9,0,0,181,0,1
1,56,16,0,0,4,7,0,0,0,15,1,0,0,247,1
0,43,0,1,1,2,1,1,0,0,8,1,0,100,375,1
0,22,11,0,0,9,0,2,0,0,1,1,0,80,278,1
0,27,1,0,0,2,1,5,0,0,9,1,0,399,827,1
0,32,2,0,0,2,1,2,0,0,6,1,0,160,2072,1
0,23,1,0,0,8,0,2,0,0,3,0,0,0,582,1
1,40,7,1,1,8,1,8,0,0,14,1,0,0,2300,1
1,30,6,0,0,0,2,4,0,0,7,0,0,0,3065,1
1,52,15,0,0,0,0,5,0,0,14,1,0,0,2200,1
1,46,0,0,0,2,1,0,0,0,11,0,0,440,6,1
1,58,10,0,0,8,0,4,0,0,14,1,0,0,1602,1
0,37,6,0,0,6,1,4,0,0,12,0,0,93,0,1
0,23,2,0,0,0,0,1,0,0,11,0,0,60,2184,1
0,32,1,0,0,2,1,5,0,0,3,0,0,0,0,1
1,21,11,1,1,4,3,0,0,0,11,0,0,0,0,1
1,28,3,1,1,10,1,2,0,0,1,1,0,70,0,1
1,68,15,0,0,11,5,0,0,0,14,1,0,0,3376,1
0,28,2,0,0,5,1,4,0,0,2,0,0,181,0,1
0,34,0,1,1,6,2,0,0,0,1,0,0,280,2000,1
0,27,2,0,0,10,1,1,0,0,4,1,0,140,7544,1
0,44,2,0,0,6,0,1,0,0,2,0,0,0,15,1
0,25,1,0,0,10,0,1,0,0,1,0,0,395,20,1
0,32,1,1,1,11,1,0,0,1,0,0,0,393,0,1
1,60,16,0,0,8,0,11,0,1,0,0,0,21,10561,1
1,40,10,0,0,8,1,1,0,1,0,1,0,29,837,1
0,19,9,0,0,8,0,1,0,1,0,0,0,60,400,1
1,32,0,0,0,2,0,0,0,1,0,1,0,440,11177,1
0,36,3,0,0,8,1,9,0,1,0,0,0,102,639,1
0,37,1,1,1,1,0,1,1,1,0,0,0,431,0,1
1,25,2,1,1,12,0,0,0,1,0,0,0,370,0,1
0,41,0,0,0,0,2,15,0,1,0,1,0,0,0,1
0,56,12,0,0,5,1,8,0,1,0,0,0,24,2028,1
1,49,13,0,0,5,1,8,0,1,0,0,0,0,0,1
0,22,10,0,0,8,1,1,0,1,0,1,0,100,0,1
0,27,1,1,1,9,0,0,0,1,0,0,0,260,1065,1
0,25,12,0,0,12,0,3,0,1,0,0,2,20,0,1
1,26,8,0,0,12,0,1,0,1,0,1,0,160,150,1
1,18,9,0,0,8,0,1,0,0,4,1,0,60,540,1
0,20,8,0,0,12,0,1,0,0,14,1,0,60,158,1
0,47,0,0,0,0,2,15,0,0,20,1,0,0,15000,1
1,21,2,0,0,3,2,0,0,0,4,1,2,80,0,1
1,20,3,0,0,8,0,0,0,0,3,1,0,100,6,1
1,57,19,0,0,0,0,5,0,0,7,1,0,0,3000,1
1,22,5,0,0,8,0,2,0,0,7,1,0,129,3257,1
0,48,8,0,0,0,1,12,0,0,9,1,0,181,1655,1
0,40,6,0,0,12,2,3,0,0,1,1,0,0,500,1
0,40,5,0,0,0,0,5,0,0,7,1,0,0,3065,1
1,28,1,0,0,0,0,2,0,0,5,0,0,300,1430,1
1,33,4,0,0,8,1,1,0,0,2,1,0,0,0,1
0,21,10,0,0,0,0,3,0,1,0,0,0,0,0,1
0,42,0,0,0,3,1,5,0,1,0,1,0,400,0,1
0,41,0,0,0,10,0,2,0,1,0,1,0,510,600,1
0,22,1,1,1,9,0,3,0,0,6,1,0,80,0,1
0,34,4,1,1,3,2,8,0,0,7,0,0,195,0,1
0,28,5,1,1,0,2,1,0,0,8,0,0,144,7,1
0,33,3,1,1,10,0,3,0,0,3,0,0,380,0,1
0,48,7,0,0,9,1,15,0,0,12,1,0,0,790,1
0,27,2,1,1,12,0,2,0,0,3,0,0,370,560,1
0,22,10,0,0,10,0,0,0,0,9,1,0,60,396,1
1,24,0,0,0,8,1,1,0,0,1,1,0,0,678,1
1,41,1,0,0,3,2,2,0,1,0,0,0,0,300,1
0,24,2,0,0,0,0,2,0,0,6,1,0,184,600,1
1,20,10,0,0,8,0,0,0,0,2,0,0,49,0,1
0,36,2,1,1,9,0,0,0,0,1,1,0,50,1187,1
1,35,12,0,0,8,1,14,0,0,8,1,0,0,6590,1
1,71,0,0,0,0,0,0,1,1,0,1,1,184,0,1
0,28,9,0,0,8,1,5,0,0,6,1,0,381,168,1
0,35,2,0,0,5,0,4,0,0,7,1,0,150,1270,1
0,39,4,0,0,0,2,6,0,0,16,1,0,117,1210,1
0,39,5,0,0,2,1,10,0,0,14,0,0,399,0,1
0,24,6,1,1,1,0,5,0,1,0,0,2,100,0,1
0,60,14,0,0,13,7,18,0,0,15,0,0,0,1000,1
0,23,11,0,0,3,0,3,0,0,9,1,0,56,742,1
0,26,2,1,1,2,0,5,0,0,1,1,0,211,0,1
0,48,3,0,0,12,0,3,0,1,0,1,2,230,0,1
0,41,4,0,0,2,1,7,0,0,8,1,0,320,0,1
0,55,11,0,0,13,7,5,0,0,5,1,0,0,8851,1
0,53,9,0,0,11,0,8,0,0,5,1,0,0,0,1
1,18,9,1,1,0,0,1,0,0,4,0,0,80,500,1
1,50,12,0,0,12,0,2,0,0,3,0,0,156,0,1
0,65,11,0,0,11,5,20,0,0,7,0,0,22,0,1
1,17,9,0,0,12,0,1,0,1,0,0,0,0,0,1
1,18,9,0,0,12,0,0,0,1,0,1,0,100,0,1
1,37,5,0,0,8,0,0,0,1,0,0,0,228,0,1
0,23,4,0,0,0,2,0,0,1,0,0,0,160,0,1
0,18,5,0,0,5,0,0,0,1,0,1,0,80,0,1
1,22,8,1,1,10,0,2,1,1,0,1,0,164,0,1
0,19,0,0,0,8,0,2,0,0,2,0,0,80,0,1
0,22,11,0,0,2,0,0,0,1,0,1,0,100,0,1
0,25,3,0,0,2,0,0,0,0,7,1,0,0,7059,1
1,47,3,0,0,10,0,13,0,0,2,0,0,519,1704,1
0,33,1,0,0,10,1,4,0,0,4,0,0,253,857,1
0,27,13,0,0,9,0,5,0,1,0,0,0,487,500,1
1,58,21,0,0,3,2,10,0,0,13,1,0,0,6700,1
1,20,1,0,0,8,0,2,0,0,5,1,0,220,2503,1
0,26,0,0,0,3,2,0,0,1,0,0,0,0,0,1
0,21,7,0,0,12,0,1,0,0,1,1,0,80,9800,1
0,42,4,0,0,8,0,4,0,1,0,1,2,0,0,1
0,38,10,0,0,10,0,2,0,0,6,1,0,520,196,1
0,20,10,1,1,0,0,2,0,1,0,1,2,40,0,1
0,48,25,0,0,9,0,1,0,0,3,1,0,120,14,1
0,28,5,0,0,9,0,11,0,1,0,0,0,70,0,1
1,18,7,0,0,8,0,2,0,0,5,1,0,184,26726,1
0,18,2,0,0,3,0,1,0,0,2,1,0,120,300,1
0,33,3,1,1,0,1,2,0,0,1,0,0,180,18027,1
0,45,8,0,0,2,1,14,0,0,1,0,0,88,2000,1
1,19,0,0,0,8,1,0,0,0,11,1,0,80,99,1
0,24,12,0,0,0,2,4,0,0,2,1,0,73,444,1
0,21,11,0,0,10,0,0,0,0,6,1,0,121,0,1
0,40,21,0,0,11,5,20,0,0,11,1,0,0,1200,1
0,41,5,0,0,8,1,5,0,0,6,0,0,470,0,1
1,17,11,0,0,10,1,1,0,0,11,1,0,0,3000,1
0,23,11,0,0,10,1,0,0,0,1,1,0,100,0,1
0,31,0,0,0,5,0,0,1,1,0,1,0,380,2010,2
0,18,10,0,0,0,1,1,1,1,0,1,0,320,13,2
0,20,11,0,0,0,0,2,1,1,0,0,0,136,0,2
0,20,0,0,0,1,0,0,1,1,0,1,0,144,0,2
1,20,9,0,0,3,0,0,1,1,0,1,0,200,1000,2
1,24,1,1,1,0,0,0,1,1,0,1,0,132,0,2
0,32,2,0,0,1,1,5,1,1,0,0,0,292,0,2
1,52,0,1,1,13,7,0,1,1,0,1,0,0,0,2
1,48,1,0,0,3,8,0,1,1,0,1,0,0,120,2
1,20,10,1,1,10,1,0,1,1,0,0,0,154,32,2
0,50,0,0,0,13,7,0,1,1,0,1,0,145,0,2
0,17,0,1,1,0,0,0,1,1,0,1,0,140,722,2
0,18,1,1,1,11,6,0,1,1,0,1,0,100,0,2
1,32,6,0,0,1,0,1,1,1,0,1,0,272,0,2
0,59,1,0,0,8,0,0,0,1,0,0,0,260,0,1
0,18,0,0,0,8,4,0,1,1,0,1,0,200,40,1
0,37,0,0,0,0,0,0,1,1,0,1,1,184,0,1
0,32,2,0,0,0,0,1,1,1,0,0,0,280,0,2
0,18,6,1,1,6,0,0,1,1,0,1,0,140,0,2
0,38,10,1,1,5,0,0,1,1,0,1,0,160,0,2
0,30,2,0,0,2,1,2,1,1,0,0,2,340,0,2
0,18,5,0,0,1,0,0,1,1,0,1,0,120,0,2
1,19,5,0,0,3,1,0,1,1,0,1,0,80,484,2
1,18,10,1,1,8,1,0,1,1,0,1,0,340,0,2
0,24,13,1,1,13,7,0,1,1,0,1,0,184,0,2
0,16,0,0,0,6,0,0,0,1,0,1,2,200,0,2
0,21,0,1,1,0,1,0,1,1,0,1,0,280,204,2
0,23,0,1,1,2,1,0,1,1,0,1,0,240,1,2
0,17,4,0,0,0,0,0,1,1,0,1,2,80,0,2
1,16,1,0,0,8,0,0,1,0,1,1,0,108,98,2
0,23,12,0,0,0,0,0,1,0,2,1,0,0,5552,2
0,17,10,0,0,9,1,0,1,0,1,1,0,120,1,2
1,31,1,0,0,13,7,0,1,0,2,0,0,200,105,2
0,29,0,0,0,9,0,0,1,0,1,1,0,340,2803,2
0,18,0,1,1,0,0,0,1,0,1,1,0,200,1,2
1,21,1,1,1,4,3,0,1,1,0,1,0,160,0,2
0,23,0,0,0,6,0,0,1,1,0,0,2,320,0,2
1,18,10,0,0,9,0,1,1,0,1,1,0,120,1,2
0,25,0,0,0,9,0,0,1,0,1,1,0,272,444,2
0,35,2,0,0,9,0,0,1,0,2,1,0,220,1,2
1,16,0,0,0,13,7,0,1,0,1,1,0,160,126,2
1,31,3,0,0,13,7,3,1,0,2,0,0,200,4,2
0,69,9,0,0,13,7,4,1,0,1,1,0,70,6,2
0,32,2,0,0,12,0,1,1,0,2,0,0,720,0,2
0,16,2,0,0,12,0,0,1,0,1,1,0,80,21,2
0,22,12,0,0,0,0,3,1,0,2,0,0,180,173,2
1,57,2,0,0,13,7,6,1,0,1,1,0,0,10,2
0,18,0,0,0,1,0,0,1,1,0,0,2,280,0,2
0,23,1,0,0,0,0,0,1,1,0,0,2,280,0,2
1,15,2,0,0,8,0,0,1,1,0,1,0,120,0,2
1,24,13,0,0,8,1,1,1,1,0,1,0,280,1,2
0,48,26,1,1,13,7,0,0,1,0,0,0,0,0,2
0,23,2,0,0,13,7,4,1,1,0,1,0,160,25,2
0,18,10,0,0,13,7,0,1,1,0,1,0,80,0,2
0,27,1,0,0,5,1,0,1,1,0,0,2,140,0,2
1,31,3,1,1,4,3,0,1,1,0,1,0,160,20,2
1,24,4,0,0,9,0,1,1,1,0,0,0,360,6,2
0,19,1,1,1,0,0,2,1,1,0,0,0,112,6,2
1,16,0,0,0,12,0,0,1,1,0,1,0,200,1,2
1,18,10,0,0,1,0,0,1,1,0,1,0,80,42,2
0,16,0,1,1,12,0,0,1,1,0,1,0,60,0,2
0,23,0,0,0,6,0,0,0,1,0,0,2,320,0,2
0,21,0,1,1,0,1,0,1,1,0,1,0,280,204,2
0,17,22,2,2,13,8,0,1,1,0,0,1,450,100000,1
0,19,0,1,1,6,2,0,1,1,0,0,2,500,1,1
0,36,0,1,1,0,0,1,1,1,0,0,0,232,113,1
0,21,1,0,0,9,0,1,1,1,0,1,0,150,8,1
1,18,0,2,2,2,7,10,1,1,0,0,2,300,0,1
1,33,0,0,0,2,0,0,1,1,0,1,0,300,44,1
0,48,0,1,1,5,0,0,0,0,11,1,0,380,2732,1
0,33,1,0,0,9,0,1,1,1,0,1,0,120,0,2
1,29,1,1,1,10,0,1,1,1,0,1,0,280,13,2
0,30,1,1,1,0,0,0,1,1,0,1,0,170,179,2
0,40,3,0,0,3,2,0,1,1,0,1,2,1160,0,2
0,34,2,1,1,9,0,3,1,1,0,1,2,200,0,2
0,31,4,1,1,3,0,0,1,1,0,0,0,411,0,2
0,20,0,0,0,0,0,0,1,1,0,1,1,184,0,2
1,33,2,1,1,0,0,2,1,1,0,0,0,0,2,2
0,34,2,0,0,0,0,1,1,1,0,1,0,460,16,2
1,25,12,0,0,1,0,1,1,1,0,0,0,180,1062,2
0,34,2,0,0,2,2,0,1,1,0,1,0,348,0,2
0,27,0,0,0,8,1,0,1,1,0,0,0,220,251,2
0,47,6,0,0,0,0,1,1,1,0,0,0,0,228,2
1,34,1,1,1,3,1,0,1,1,0,0,0,160,0,2
1,33,3,1,1,12,0,2,1,1,0,1,0,180,0,2
0,28,3,0,0,9,0,0,1,1,0,0,0,300,67,2
1,39,4,0,0,0,0,3,1,1,0,1,0,480,0,2
0,42,4,0,0,12,0,0,1,1,0,1,0,108,100,2
0,26,2,0,0,3,2,0,1,1,0,0,0,640,4000,2
0,33,2,0,0,3,2,0,1,1,0,1,0,180,0,2
0,38,1,0,0,5,0,0,1,1,0,0,0,300,2,2
0,62,7,0,0,11,5,0,1,1,0,1,0,0,12,2
0,32,1,0,0,0,0,0,1,1,0,0,0,372,122,2
0,26,4,1,1,0,2,2,1,1,0,1,0,200,1210,2
0,63,0,0,0,0,0,0,0,0,3,0,0,180,0,2
0,27,1,0,0,9,0,2,1,0,1,0,0,100,3,2
1,26,2,0,0,4,3,0,1,1,0,0,0,276,1,2
0,22,0,1,1,13,7,0,1,1,0,1,0,100,0,2
0,22,11,1,1,6,0,1,1,1,0,0,0,0,4000,2
0,30,1,0,0,1,0,0,1,1,0,0,2,0,0,2
0,36,2,0,0,3,0,0,1,1,0,0,0,221,0,2
1,16,0,0,0,12,0,1,1,0,2,0,0,320,1,2
0,41,1,0,0,1,0,0,1,1,0,1,0,168,0,2
1,19,0,0,0,8,0,0,1,1,0,0,0,380,0,2
0,32,3,0,0,1,0,0,1,1,0,0,0,120,0,2
1,36,4,0,0,13,7,0,1,1,0,1,0,160,0,2
1,30,5,0,0,5,0,5,1,1,0,0,2,100,0,2
0,23,2,0,0,13,7,0,1,1,0,0,0,100,4208,2
0,26,0,0,0,5,7,0,1,1,0,1,0,100,0,2
0,16,0,1,1,5,0,0,1,1,0,1,2,200,0,2
0,24,2,0,0,11,6,0,1,0,2,1,0,320,1300,2
0,42,1,0,0,6,0,13,1,0,1,0,0,352,112,2
1,22,6,0,0,12,0,0,1,1,0,1,0,220,1000,2
0,39,1,1,1,6,0,0,1,1,0,1,2,400,0,2
1,23,11,1,1,5,1,3,1,1,0,0,0,20,16,2
0,21,0,1,1,7,4,0,1,1,0,0,0,132,2,2
0,33,2,1,1,9,0,7,1,1,0,0,0,280,0,2
0,26,13,0,0,11,6,0,1,1,0,0,0,140,1110,2
1,45,4,0,0,5,1,1,1,1,0,0,2,240,0,2
0,26,1,0,0,9,0,0,1,1,0,1,0,100,0,2
0,28,0,0,0,12,0,0,1,1,0,1,0,260,1004,2
1,20,0,1,1,11,6,1,1,1,0,1,0,260,0,2
0,28,14,0,0,1,0,0,1,1,0,1,0,0,286,2
0,20,0,1,1,0,0,2,1,1,0,0,2,240,0,2
0,34,1,0,0,3,2,0,1,1,0,0,0,440,4500,2
0,33,0,0,0,3,2,4,1,1,0,0,2,420,0,2
0,43,5,0,0,3,2,2,1,1,0,0,0,141,0,2
1,22,7,0,0,0,0,0,1,1,0,1,0,160,0,2
1,24,2,1,1,3,2,4,1,1,0,1,0,200,456,2
1,56,4,1,1,13,7,5,1,1,0,0,0,0,4,2
0,22,11,0,0,5,0,1,1,1,0,0,0,100,1212,2
0,34,5,1,1,0,0,1,1,1,0,0,0,60,0,2
0,22,1,1,1,12,0,0,1,1,0,0,0,120,67,2
0,21,0,0,0,0,0,0,1,1,0,0,2,0,0,2
0,26,14,0,0,3,2,0,1,1,0,0,0,178,0,2
0,22,0,0,0,6,0,0,1,1,0,1,2,0,0,2
0,15,7,0,0,11,0,1,1,1,0,1,0,600,0,2
0,39,5,0,0,3,2,0,1,1,0,1,0,550,0,2
0,27,12,0,0,12,2,0,1,1,0,0,0,720,0,2
0,24,0,0,0,6,0,1,1,1,0,0,0,120,1,2
0,41,1,1,1,9,0,0,1,1,0,1,0,0,195,2
1,33,1,0,0,1,0,0,1,1,0,0,0,0,0,2
0,29,2,1,1,10,1,0,1,1,0,1,0,128,1,2
1,23,0,1,1,13,7,0,1,1,0,1,0,120,87,2
0,26,12,1,1,5,1,1,1,1,0,0,0,0,17,2
0,31,2,0,0,0,0,0,1,1,0,1,0,300,0,2
0,20,5,1,1,4,0,0,1,1,0,1,0,140,184,2
0,28,0,0,0,0,0,0,1,1,0,1,0,220,140,2
1,51,6,0,0,3,2,3,1,1,0,0,0,73,0,2
1,22,0,0,0,8,0,0,1,1,0,1,2,160,0,2
0,34,5,1,1,3,2,1,1,1,0,0,0,480,0,2
1,69,6,0,0,13,7,0,1,1,0,1,2,0,0,2
1,40,8,1,1,5,0,0,1,0,2,1,0,184,18,2
1,19,0,1,1,0,0,1,1,0,1,1,0,2000,2,2
0,16,3,0,0,9,0,0,1,0,1,1,0,0,6,2
0,17,0,0,0,8,0,0,1,0,4,1,0,160,8,2
0,31,2,0,0,13,7,0,1,0,5,1,0,176,146,2
0,25,3,0,0,0,0,1,1,0,1,1,0,0,22,2
1,22,0,0,0,3,0,0,1,1,0,1,0,144,0,2
0,40,1,0,0,3,2,0,1,1,0,1,2,300,0,2
0,22,0,0,0,5,0,0,1,1,0,0,0,280,55,2
1,22,1,1,1,13,7,3,1,1,0,1,0,280,0,2
0,22,0,1,1,5,0,0,1,1,0,1,0,200,70,2
0,23,1,0,0,0,0,0,1,1,0,0,0,136,1,2
0,38,0,0,0,0,0,0,1,0,2,1,0,225,500,2
1,26,2,1,1,13,7,0,1,1,0,0,0,180,60,2
0,35,2,0,0,3,0,1,1,1,0,0,0,210,0,2
0,20,1,0,0,8,0,1,1,1,0,1,0,108,7,2
0,29,1,0,0,9,0,1,1,1,0,1,0,200,0,2
0,26,0,0,0,2,0,1,1,1,0,1,0,100,0,2
0,33,2,0,0,0,0,1,1,1,0,1,1,120,0,2
0,24,1,0,0,0,0,0,1,1,0,1,0,110,0,2
1,27,2,0,0,9,0,0,1,1,0,0,0,180,50,2
0,37,0,0,0,11,0,0,1,1,0,1,0,120,5,2
0,49,2,0,0,13,7,0,1,1,0,1,0,200,3,2
0,33,0,1,1,2,0,0,1,1,0,1,0,180,0,2
0,51,3,1,1,13,7,1,1,1,0,1,0,180,4,2
0,22,3,1,1,0,0,0,1,1,0,1,0,160,1058,2
0,21,1,0,0,5,0,0,1,1,0,0,0,356,0,2
0,25,1,0,0,12,0,0,1,1,0,1,0,200,0,2
0,58,2,0,0,0,0,2,1,1,0,0,0,320,0,2
0,19,0,1,1,13,7,0,1,0,4,1,0,45,1,2
0,19,0,0,0,13,7,0,1,0,3,1,0,350,769,2
1,53,0,0,0,13,7,0,1,1,0,0,2,62,27,2
1,27,1,0,0,13,7,0,1,0,1,1,0,92,300,2
0,25,0,0,0,5,0,0,1,0,2,0,0,174,3,2
0,23,0,0,0,5,0,1,1,0,11,1,2,0,0,2
0,39,5,0,0,13,7,0,1,0,2,1,0,17,1,2
0,30,2,1,1,6,0,0,1,1,0,0,2,80,0,2
0,17,3,0,0,5,0,0,1,1,0,0,0,160,40,2
1,17,0,1,1,4,7,0,1,1,0,1,0,86,0,2
1,31,11,0,0,13,7,0,1,1,0,1,0,184,5200,2
0,16,0,0,0,0,0,0,1,1,0,1,0,132,0,2
1,27,1,0,0,13,7,0,1,1,0,1,0,340,1,2
0,31,1,0,0,13,7,0,1,0,1,1,0,96,19,2
0,20,7,0,0,0,0,0,1,1,0,1,0,0,0,2
0,31,3,1,1,3,2,7,1,1,0,1,0,0,1,2
0,39,1,0,0,0,0,1,1,1,0,1,0,0,316,2
0,36,4,0,0,8,0,3,1,1,0,1,0,454,50,2
0,29,0,0,0,9,0,0,1,1,0,0,0,300,0,2
0,52,1,0,0,1,0,3,1,1,0,0,0,0,350,2
0,36,18,0,0,9,0,0,1,1,0,1,0,320,3552,2
0,34,0,0,0,0,0,0,1,1,0,1,1,184,0,2
0,29,0,1,1,0,0,0,1,1,0,1,0,240,0,2
0,36,5,0,0,3,2,5,1,1,0,1,0,210,687,2
0,25,0,1,1,0,0,1,1,1,0,0,0,160,0,2
1,24,2,1,1,0,0,0,1,1,0,1,0,120,0,2
0,24,0,0,0,6,0,0,1,0,4,1,0,254,1950,2
0,21,0,0,0,0,0,0,1,1,0,1,0,360,0,2
1,36,0,0,0,13,7,0,1,0,10,1,0,200,18,2
1,23,1,0,0,4,3,0,1,0,1,1,0,200,53,2
1,27,3,0,0,6,0,2,1,0,1,0,0,280,10,2
0,31,3,0,0,0,0,2,1,0,2,0,0,160,41,2
1,30,1,0,0,9,1,0,1,0,3,1,0,0,33,2
0,22,2,0,0,5,0,0,1,1,0,1,0,180,0,2
0,16,4,0,0,3,1,0,1,1,0,0,0,120,0,2
1,21,11,0,0,5,1,0,1,1,0,1,0,320,5,2
0,21,4,1,1,3,1,0,1,1,0,1,0,140,100,2
0,17,6,0,0,3,0,0,1,1,0,1,0,60,100,2
0,19,4,1,1,3,0,1,1,1,0,0,0,360,1000,2
0,20,0,0,0,0,0,0,1,1,0,1,0,0,44,2
0,26,2,0,0,1,0,0,1,1,0,0,0,80,0,2
0,23,0,0,0,3,1,0,1,1,0,0,0,220,5,2
0,39,2,1,1,3,1,10,1,1,0,0,2,200,0,2
0,22,11,0,0,3,0,0,1,1,0,1,0,0,0,2
0,26,2,1,1,0,0,0,1,1,0,1,2,80,0,2
1,16,0,0,0,3,0,0,1,0,6,0,0,240,35,2
0,23,3,1,1,5,0,0,1,0,1,0,0,280,80,2
1,17,9,0,0,12,0,1,1,0,10,0,0,0,10,2
0,23,0,1,1,0,0,0,1,0,2,1,0,128,6,2
0,34,1,0,0,6,0,1,1,1,0,1,2,28,0,2
0,74,19,1,1,13,7,0,1,0,2,1,0,0,351,2
0,28,0,1,1,5,0,0,1,1,0,1,0,216,2100,2
0,24,13,1,1,12,0,0,1,1,0,0,0,120,475,2
0,18,3,1,1,13,7,0,1,1,0,0,0,180,1,2
0,45,1,0,0,8,0,0,1,1,0,0,0,263,0,2
1,47,0,0,0,8,1,2,0,0,1,1,0,333,892,1
0,24,0,0,0,8,0,4,0,0,2,0,0,520,2000,1
0,39,9,0,0,6,0,6,0,0,14,1,0,240,4607,1
1,20,11,0,0,0,1,6,0,1,0,1,0,340,0,1
1,18,4,1,1,0,1,3,0,1,0,1,0,240,0,1
0,19,9,0,0,9,0,1,0,1,0,1,0,120,2206,1
1,25,0,0,0,10,1,1,0,1,0,0,0,160,5860,1
0,20,9,0,0,0,0,1,0,0,3,0,0,40,28,1
0,25,0,0,0,0,0,1,0,0,5,0,0,312,0,1
0,20,7,0,0,0,0,1,0,0,3,1,0,200,1391,1
0,31,4,0,0,10,0,5,0,0,3,0,0,290,2279,1
0,39,5,0,0,2,0,3,0,0,10,0,0,0,0,1
1,64,0,0,0,13,7,0,0,0,1,1,0,232,100,1
0,28,5,0,0,10,0,4,0,0,2,1,0,420,7,1
1,28,3,0,0,0,0,1,0,0,1,0,0,371,0,1
0,31,19,0,0,0,0,7,0,0,16,1,0,0,5000,1
1,18,9,0,0,12,0,0,0,0,2,1,0,88,591,1
1,24,3,0,0,8,1,1,0,0,19,1,0,0,500,1
1,30,12,0,0,0,0,2,0,0,1,1,0,220,19,1
0,21,4,1,1,9,0,2,0,0,1,0,0,80,300,1
0,13,4,1,1,9,0,1,0,0,2,0,0,120,1000,1
1,46,4,0,0,4,3,0,0,1,0,1,0,100,960,1
1,44,0,0,0,0,0,2,0,1,0,1,0,0,0,1
0,20,9,0,0,11,6,0,0,1,0,1,0,0,0,1
0,22,2,1,1,0,1,2,0,1,0,1,0,0,0,1
0,31,10,0,0,10,0,6,0,1,0,1,0,0,0,1
1,60,5,0,0,12,0,4,0,0,4,1,0,0,99,1
0,16,0,0,0,0,0,1,0,0,5,0,0,352,690,1
1,28,0,0,0,8,0,0,0,0,4,1,0,80,0,1
0,39,1,0,0,10,0,0,0,0,5,0,0,480,0,1
0,20,7,0,0,5,0,1,0,0,1,1,0,160,234,1
1,30,5,0,0,11,6,2,0,0,5,0,0,99,500,1
0,22,3,0,0,6,0,1,0,0,1,1,0,260,800,1
1,22,8,0,0,8,0,1,0,0,10,1,0,80,990,2
1,28,1,0,0,8,0,2,0,1,0,0,0,440,0,2
0,45,1,0,0,0,0,2,0,1,0,0,0,140,0,2
0,41,1,0,0,5,0,0,0,1,0,1,0,160,0,2
1,57,0,0,0,3,2,1,0,1,0,0,0,252,2197,2
1,55,7,0,0,5,1,6,0,0,3,0,0,100,50,2
0,43,25,0,0,8,1,0,0,0,1,1,0,760,90,2
1,25,2,0,0,0,1,2,0,1,0,0,0,360,1,2
1,24,0,0,0,12,1,1,0,1,0,1,0,400,0,2
0,43,2,0,0,3,2,0,0,1,0,1,0,560,0,2
0,40,0,0,0,13,7,0,0,1,0,1,0,130,1,2
0,31,2,0,0,12,0,7,0,1,0,0,0,523,0,2
1,33,1,1,1,13,7,0,0,1,0,1,0,320,0,2
1,24,1,0,0,13,7,0,0,1,0,1,0,80,0,2
0,35,3,0,0,10,1,3,0,1,0,0,0,680,0,2
0,34,1,0,0,9,2,0,0,1,0,0,0,163,0,2
0,80,5,0,0,0,0,0,0,1,0,1,0,0,340,2
0,19,1,1,1,2,0,2,0,1,0,0,0,100,20,2
0,42,3,0,0,3,2,1,0,1,0,1,0,0,200,2
0,19,10,1,1,5,1,0,0,1,0,0,0,140,0,2
0,36,3,0,0,9,0,1,0,1,0,0,0,200,0,2
0,30,1,1,1,3,2,0,0,0,10,0,0,132,28,2
0,44,11,1,1,1,0,1,0,1,0,1,2,0,0,2
0,23,0,1,1,9,0,2,0,0,6,0,0,208,347,2
0,23,1,0,0,1,1,1,0,0,6,1,0,200,327,1
0,33,1,0,0,10,0,0,0,0,7,0,0,340,4071,1
0,48,12,0,0,6,0,16,0,1,0,1,2,110,0,1
0,76,22,0,0,11,5,12,0,0,1,0,0,0,109,1
0,51,10,0,0,3,2,0,0,0,11,1,0,0,1249,1
0,34,15,0,0,7,4,5,0,0,9,0,0,0,134,1
0,38,3,0,0,9,0,4,0,0,14,1,0,383,1344,1
1,22,11,1,1,10,1,0,0,0,4,1,0,0,321,1
0,41,0,0,0,0,1,0,0,0,6,1,0,220,948,1
0,29,4,0,0,9,0,7,0,0,2,0,0,330,0,1
1,32,1,0,0,9,0,1,0,0,16,1,0,120,2079,1
0,51,0,0,0,10,1,0,0,1,0,1,0,0,3000,1
1,22,2,0,0,8,1,2,0,0,7,0,0,140,2384,1
1,25,12,0,0,2,1,3,0,0,6,1,0,400,458,1
0,26,1,0,0,10,1,1,0,1,0,1,0,0,5298,1
0,23,1,0,0,0,1,1,0,1,0,1,0,422,200,1
0,24,12,0,0,8,1,1,0,1,0,0,0,120,0,1
0,42,5,0,0,8,1,12,0,1,0,0,0,92,0,1
1,20,3,0,0,12,0,0,0,1,0,1,0,100,0,1
0,23,11,0,0,9,1,2,0,0,11,0,0,290,284,1
1,25,2,0,0,10,1,0,0,1,0,1,0,360,0,1
0,43,0,1,1,0,0,0,0,0,8,0,0,300,162,1
1,35,0,0,0,12,0,0,0,0,4,1,0,0,1583,1
0,59,2,0,0,9,0,1,0,0,5,0,0,60,58,1
0,21,3,1,1,1,0,1,0,0,8,0,0,160,1,1
0,21,0,1,1,10,0,0,0,0,1,0,0,840,59,1
1,65,14,0,0,13,7,0,0,0,11,0,0,0,1400,1
1,20,10,0,0,0,1,1,0,0,4,1,0,50,1465,1
0,32,0,1,1,0,1,3,0,0,1,0,0,432,8000,1
0,30,0,0,0,0,0,1,0,0,11,1,0,32,540,1
0,25,6,0,0,0,0,1,0,0,3,1,0,0,0,1
0,39,1,0,0,0,0,1,0,0,10,1,0,186,4700,1
0,39,6,0,0,6,0,1,0,0,5,0,0,108,1097,1
0,31,0,0,0,10,0,1,0,0,8,0,0,303,3290,1
0,41,0,0,0,11,0,0,1,0,1,1,2,560,0,1
0,48,4,0,0,6,0,0,0,1,0,0,0,225,0,1
0,32,9,1,1,9,1,5,0,1,0,0,0,154,0,1
1,28,15,1,1,11,5,0,0,1,0,1,0,0,13212,1
0,73,17,0,0,13,7,0,0,1,0,0,0,0,0,1
0,64,20,0,0,10,1,17,0,0,9,0,0,0,1000,1
0,51,15,0,0,0,0,8,0,0,9,1,0,0,0,1
0,26,1,1,1,0,0,1,0,0,5,0,0,160,5777,1
0,25,0,0,0,0,0,0,0,0,7,0,0,96,5124,1
0,30,6,0,0,2,0,3,0,0,8,1,0,330,1200,1
0,27,0,0,0,0,1,4,0,0,3,0,0,312,150,1
0,23,0,0,0,0,0,0,1,1,0,1,1,184,0,1
0,34,5,0,0,9,0,0,1,1,0,0,0,290,6,1
0,38,0,0,0,5,0,0,0,1,0,0,0,280,0,1
0,25,0,0,0,0,2,0,0,1,0,1,0,349,23,1
1,46,3,0,0,0,0,2,0,0,8,0,0,396,4159,1
1,21,6,0,0,12,0,2,0,0,3,1,0,80,918,1
0,20,0,0,0,8,0,1,1,0,1,1,0,240,768,1
0,20,2,0,0,0,0,2,0,0,11,0,0,200,3000,1
1,29,0,0,0,5,0,0,0,0,4,1,0,380,500,1
0,42,1,1,1,0,0,0,1,1,0,0,0,150,1,2
0,29,1,1,1,5,0,0,1,1,0,1,0,224,0,2
0,20,0,0,0,8,0,0,1,1,0,1,0,200,0,2
0,23,0,0,0,0,1,0,0,1,0,1,0,180,0,2
1,29,1,1,1,5,0,1,1,1,0,0,0,280,0,2
0,16,0,0,0,0,0,0,1,1,0,1,0,0,0,1
0,32,3,0,0,5,0,0,1,1,0,0,0,232,0,2
0,31,0,1,1,1,0,4,1,1,0,0,0,460,0,2
0,47,4,0,0,10,2,0,1,1,0,0,0,520,0,2
0,20,1,1,1,5,0,0,1,1,0,1,0,140,4,2
0,27,3,1,1,8,1,5,1,0,2,0,0,369,1,2
0,22,0,0,0,9,0,0,1,0,1,1,0,420,283,2
0,19,10,0,0,0,2,0,1,0,2,0,0,200,7,2
1,38,4,0,0,0,0,0,1,1,0,1,0,160,0,2
0,29,1,0,0,0,1,0,1,0,2,0,0,400,108,2
0,22,0,0,0,3,0,1,1,0,1,0,0,400,9,2
0,32,14,1,1,13,7,0,1,0,2,1,0,160,1,2
0,29,4,0,0,6,0,2,1,0,1,0,0,460,68,2
0,18,10,1,1,12,0,0,0,1,0,1,0,120,375,2
0,22,2,0,0,3,0,0,1,1,0,1,0,160,10,2
0,22,0,0,0,0,3,2,1,1,0,0,2,0,0,1
1,25,0,0,0,0,0,0,1,1,0,1,1,184,0,1
0,18,0,0,0,8,0,0,1,1,0,1,0,160,1,2
0,21,0,1,1,2,0,0,1,1,0,1,0,160,0,2
0,23,12,0,0,0,0,2,1,1,0,1,2,80,0,2
0,22,7,1,1,3,2,0,1,1,0,0,0,184,0,2
0,36,2,0,0,13,7,0,1,1,0,1,0,0,1000,2
0,29,13,0,0,1,1,0,1,1,0,1,0,228,0,2
1,19,0,0,0,9,0,1,1,1,0,1,0,220,5,2
1,22,1,0,0,8,0,0,1,1,0,0,0,120,809,2
1,27,0,0,0,6,1,0,1,0,1,0,0,272,108,2
1,38,1,0,0,13,7,0,1,1,0,1,0,76,0,2
0,32,2,1,1,5,7,0,1,1,0,1,0,120,0,2
1,23,0,0,0,9,0,0,1,0,1,0,0,240,4,2
0,18,2,0,0,0,4,0,1,0,2,0,0,160,587,2
0,40,0,1,1,6,0,0,1,1,0,0,0,130,0,2
0,19,9,0,0,12,0,0,1,1,0,1,0,80,350,2
0,28,3,0,0,12,0,0,1,1,0,0,0,100,0,2
0,35,0,0,0,5,0,1,1,1,0,0,0,231,0,2
0,34,2,0,0,3,2,2,1,1,0,0,0,232,200,2
0,33,2,1,1,2,0,3,1,1,0,0,0,200,141,2
0,31,0,1,1,12,0,3,1,1,0,0,0,320,0,2
1,52,7,0,0,12,1,3,1,1,0,1,0,0,0,2
0,36,0,1,1,9,0,0,1,1,0,0,0,309,2,2
0,37,2,0,0,2,0,0,1,1,0,0,0,0,501,2
1,20,8,0,0,0,0,0,1,1,0,1,0,0,351,2
0,24,9,0,0,12,0,0,1,1,0,0,0,0,0,2
0,25,0,0,0,5,1,3,1,1,0,0,0,340,0,2
1,35,3,0,0,13,7,0,1,0,6,1,0,0,200,2
0,48,3,0,0,3,2,1,1,1,0,1,0,100,2,2
1,15,7,0,0,8,0,0,1,0,1,0,0,0,160,2
1,22,0,0,0,3,0,0,1,1,0,0,2,144,0,2
0,21,11,0,0,3,0,0,0,1,0,0,0,100,68,2
1,23,0,0,0,8,0,0,1,0,1,0,0,200,11,2
1,21,5,1,1,13,7,0,1,1,0,1,0,0,0,2
0,25,3,0,0,0,1,2,1,0,1,0,0,416,21,2
1,38,1,0,0,12,0,0,1,1,0,1,0,0,390,2
1,15,0,0,0,0,0,1,1,1,0,1,0,120,18,2
1,28,3,0,0,0,0,0,1,0,1,0,0,40,154,2
0,22,9,0,0,12,0,0,1,1,0,1,0,0,0,2
0,29,3,0,0,0,0,0,1,1,0,1,0,216,0,2
1,23,1,0,0,9,0,0,1,1,0,0,0,160,0,2
0,32,4,1,1,2,0,1,1,1,0,0,0,120,0,2
0,31,1,1,1,9,0,0,1,1,0,1,2,160,0,2
0,31,0,1,1,6,0,0,1,1,0,1,0,0,0,2
1,21,11,0,0,0,0,0,1,1,0,0,0,180,0,2
1,17,0,0,0,0,0,1,1,0,1,0,0,80,5,2
0,30,0,0,0,1,1,0,1,1,0,0,2,252,0,2
0,51,2,1,1,13,7,1,1,1,0,1,0,120,1,2
0,47,5,0,0,9,0,5,1,1,0,1,0,465,150,2
0,25,12,0,0,2,0,0,1,1,0,1,0,0,2,2
1,50,0,0,0,12,0,0,1,1,0,0,0,240,117,2
0,29,2,1,1,11,1,2,1,1,0,1,0,256,17,2
1,37,2,0,0,3,1,0,1,1,0,1,0,260,246,2
1,41,1,0,0,12,0,0,1,1,0,1,0,240,237,2
1,30,10,0,0,8,1,0,1,0,12,0,0,129,3,2
0,19,7,0,0,6,0,0,1,0,1,1,0,100,1,2
1,17,10,0,0,13,7,0,1,1,0,1,0,0,50,2
1,20,1,0,0,0,0,0,1,1,0,1,0,0,0,2
0,19,0,0,0,5,0,0,1,1,0,1,0,280,364,2
0,27,1,1,1,1,1,3,1,1,0,1,0,176,537,2
0,17,3,0,0,3,0,0,1,1,0,0,0,140,2,2
0,36,0,1,1,1,0,0,1,1,0,1,0,240,3,2
0,40,3,0,0,6,0,3,1,1,0,0,2,400,0,2
0,21,10,1,1,11,1,1,1,1,0,1,0,260,0,2
1,22,0,0,0,0,0,2,1,0,2,0,0,200,394,2
1,25,13,1,1,13,7,2,1,0,1,0,0,200,1,2
0,17,0,0,0,12,0,0,1,1,0,1,0,280,750,2
0,35,3,0,0,0,1,8,1,1,0,0,0,0,0,2
