data set name:horse-colic
horse-colic
num value:horse-colic
2,2,0,0,0,4,4,6,3,5,4,4,3,3,0,4,5,0,0,3,0,3,2,horse-colic
1,0,38,66,28,2,2,0,1,4,3,3,1,0,4,2,4,45,8,1,2,1,2
0,0,39,88,20,2,0,3,0,2,3,1,1,0,4,3,1,50,85,1,2,2,2
1,0,38,40,24,0,0,2,0,2,2,0,1,0,4,0,0,33,6,1,2,0,2
0,1,39,164,84,3,0,5,1,1,3,3,0,1,5,2,4,48,7,2,5,1,1
1,0,37,104,35,2,0,5,1,2,2,0,1,0,4,3,4,74,7,1,2,1,2
1,0,38,70,30,1,0,2,0,1,2,1,1,0,4,2,2,45,24,1,2,0,2
0,0,37,48,16,0,0,0,0,2,2,2,0,0,4,2,4,37,7,1,2,0,1
0,0,38,60,30,2,0,0,0,2,3,1,1,0,4,2,3,44,8,1,2,1,1
1,0,38,80,36,2,3,2,0,3,3,3,1,0,4,2,4,38,6,1,2,2,1
1,1,38,90,30,0,0,0,0,4,2,0,1,0,4,2,4,40,6,0,2,0,2
0,0,38,66,12,2,2,4,0,2,2,0,1,0,3,1,4,44,6,1,3,0,1
1,0,39,72,52,1,0,1,0,1,0,1,0,0,4,3,3,50,7,1,2,0,1
0,0,37,42,12,1,0,0,0,2,2,2,2,0,4,3,4,45,7,1,2,0,2
1,1,38,92,28,0,0,1,0,0,2,1,2,0,7,0,0,37,6,0,2,1,2
0,0,38,76,28,2,0,0,0,2,3,0,1,1,4,3,3,46,81,0,2,0,1
0,0,37,96,48,2,0,3,0,4,2,2,1,2,4,3,4,45,6,1,2,1,1
0,1,38,128,36,2,2,3,1,3,3,2,2,0,4,3,4,53,7,2,4,1,2
1,0,37,48,24,2,0,0,0,2,2,0,1,0,4,3,4,45,24,1,2,0,2
0,0,37,64,21,0,0,1,0,1,2,0,0,0,4,1,4,40,7,0,2,0,1
1,0,39,110,35,3,2,5,0,2,2,2,1,0,4,3,4,55,8,1,2,0,2
0,0,39,72,60,0,0,4,1,4,3,3,2,0,4,3,3,46,6,1,2,0,1
1,0,38,48,16,0,0,0,0,0,2,0,1,2,5,3,2,49,6,1,2,0,2
0,0,38,42,34,1,0,3,0,1,2,0,1,0,4,0,4,48,7,1,2,0,1
0,1,38,130,60,2,2,0,0,1,3,0,1,0,4,3,4,50,70,1,2,0,1
0,0,38,60,12,2,2,2,0,2,3,2,2,1,2,3,4,51,65,1,2,0,1
1,0,37,60,42,2,0,0,0,2,2,0,1,0,4,3,4,45,24,1,2,0,2
0,0,38,72,30,3,2,2,1,2,2,2,1,0,4,2,4,43,7,1,3,0,1
0,0,37,48,12,2,0,0,0,2,2,1,0,0,4,0,2,37,5,1,1,0,2
0,0,38,70,30,2,0,0,0,2,2,0,1,0,4,3,4,45,24,1,2,1,2
1,0,37,48,30,1,0,0,0,0,0,0,0,0,4,3,4,45,76,1,2,0,2
1,0,37,96,30,2,2,3,1,4,3,3,2,1,4,3,4,66,7,1,2,1,1
1,0,37,108,12,2,2,3,1,1,3,1,1,2,6,2,2,52,8,2,7,2,1
0,0,37,60,30,1,0,0,0,2,2,2,1,0,4,3,4,43,6,1,2,0,1
0,0,38,64,28,0,0,0,0,2,0,0,1,0,4,3,3,49,8,1,6,0,1
0,0,38,100,30,2,2,3,1,4,3,3,2,2,4,3,3,52,6,1,2,0,1
1,0,38,104,24,3,2,2,1,3,3,2,1,2,4,3,1,73,8,1,2,2,1
1,0,38,112,16,2,2,4,1,2,2,0,0,1,4,3,4,51,6,1,1,2,2
0,0,37,72,30,2,2,0,0,4,2,0,1,0,4,0,0,56,80,0,2,0,1
1,0,38,52,30,0,0,0,0,2,2,1,0,0,4,0,2,32,6,0,5,0,2
0,1,39,146,96,2,0,0,0,2,2,0,1,0,4,3,4,45,24,1,2,1,1
0,0,38,88,30,2,2,5,1,4,2,2,0,2,4,3,4,63,6,2,2,1,1
1,1,39,150,72,2,0,0,0,2,2,0,1,0,4,3,4,47,8,1,0,0,1
1,0,38,60,12,2,0,2,0,2,2,0,0,0,4,1,1,47,7,1,2,0,2
0,0,38,120,30,2,3,3,0,3,3,3,0,0,4,3,4,52,67,1,2,2,1
0,0,35,140,24,2,2,3,1,3,3,0,1,0,4,3,4,57,69,2,2,2,1
1,0,38,120,30,3,2,3,1,4,3,3,0,0,4,3,4,60,6,2,2,1,1
0,0,37,60,15,2,0,3,1,4,3,3,1,1,4,3,4,65,7,1,2,0,1
1,0,37,48,16,0,0,0,0,0,0,0,0,0,4,0,4,37,6,1,2,0,2
0,0,38,80,44,2,2,2,1,1,2,2,1,1,7,2,0,54,6,2,2,1,1
1,0,37,84,48,2,2,4,1,3,0,1,0,1,4,1,0,73,5,1,4,1,2
1,0,38,46,30,0,0,1,0,0,2,1,0,0,4,3,1,49,9,0,1,0,2
0,0,37,84,36,0,0,2,1,2,2,1,1,0,4,3,4,45,24,2,2,1,1
1,0,38,70,30,0,0,2,0,0,2,0,1,0,4,1,1,43,7,1,2,0,2
1,0,38,40,20,2,0,0,0,2,2,0,1,0,4,3,4,41,6,1,2,0,2
1,0,40,114,36,2,2,0,1,1,2,2,1,0,7,0,4,57,8,2,4,2,1
0,1,38,160,20,2,0,4,0,2,2,3,2,0,4,3,4,38,24,1,2,1,1
0,0,38,70,30,2,0,0,0,2,2,0,1,0,4,3,4,24,6,1,2,0,1
0,0,38,64,36,1,0,1,0,4,2,2,1,1,4,3,4,42,7,1,2,1,1
0,0,38,70,20,3,2,2,0,4,3,2,1,0,4,3,3,53,5,2,2,1,1
1,0,38,96,30,2,2,2,1,4,3,3,0,1,4,3,4,60,24,1,2,1,1
1,0,37,48,32,0,0,2,0,1,0,0,0,0,4,3,4,37,6,1,2,0,2
1,0,38,60,30,1,1,0,0,0,1,1,1,0,4,0,0,44,7,1,2,0,2
0,0,37,88,22,1,0,1,0,2,2,0,1,0,4,3,4,64,8,0,6,1,1
1,0,38,130,16,3,2,3,1,1,3,3,0,0,4,3,4,65,82,1,2,2,2
0,0,39,64,36,2,0,3,1,2,2,1,0,1,7,3,4,44,7,2,5,0,1
0,0,38,60,36,2,0,2,0,2,2,1,0,0,4,2,3,26,72,1,1,0,1
1,0,37,72,30,0,0,4,1,2,2,0,0,2,2,2,3,58,74,0,2,0,1
1,0,38,54,24,0,0,0,0,0,2,0,1,0,4,2,1,49,7,0,2,0,2
1,0,38,52,16,0,0,2,0,2,2,0,1,2,5,3,4,55,7,1,2,0,2
1,0,38,48,12,0,0,0,0,0,2,0,0,0,4,2,1,42,6,1,4,0,2
1,0,37,60,20,2,0,0,0,2,2,2,1,1,4,3,3,43,7,1,2,2,1
0,0,37,48,28,0,0,0,0,0,1,0,1,0,4,0,0,46,5,1,7,0,2
0,0,37,56,30,2,0,0,0,2,2,0,1,0,4,3,4,45,24,1,2,1,1
0,0,38,52,24,0,0,4,0,3,2,0,1,2,7,0,4,54,7,1,2,1,1
0,1,38,70,30,2,0,0,0,2,2,0,1,0,4,3,4,37,4,1,2,1,1
0,1,39,100,30,2,2,4,1,1,2,0,1,0,4,3,4,48,57,1,2,2,1
0,0,37,38,20,2,2,0,0,2,2,1,1,0,4,2,4,37,68,1,2,0,1
1,0,38,52,20,1,0,0,0,0,0,0,0,0,4,0,0,33,77,1,2,0,2
0,0,38,70,30,2,2,2,2,4,2,2,2,1,4,3,4,46,5,1,2,1,1
0,0,37,96,18,0,2,5,1,2,3,1,1,2,5,3,3,69,8,2,2,0,1
0,0,36,98,35,2,2,3,0,3,2,1,1,0,4,3,3,47,6,2,3,1,1
0,0,37,40,30,2,2,0,0,1,2,1,2,0,4,2,4,36,24,2,2,0,1
0,1,38,100,80,2,0,1,0,2,3,0,1,0,4,0,4,36,5,1,2,0,1
0,0,38,70,24,2,2,5,1,4,2,3,0,0,4,3,4,68,7,1,2,1,1
0,0,37,60,80,0,2,1,1,1,2,2,1,1,5,3,4,40,4,1,2,0,1
1,0,38,54,30,1,2,2,2,2,0,1,1,1,4,3,3,45,6,1,2,0,2
0,0,38,88,40,2,2,3,1,4,3,2,2,0,4,3,4,50,7,2,1,1,1
1,0,38,40,16,2,0,0,0,2,2,0,1,0,4,3,4,50,7,1,3,2,1
1,0,39,64,40,0,0,4,0,2,2,1,1,0,4,2,2,42,7,1,2,0,2
1,0,38,42,10,0,0,0,0,0,0,0,1,0,4,3,4,38,61,1,2,0,2
1,0,38,52,16,2,0,0,0,1,2,0,1,2,1,0,0,53,86,1,2,0,1
1,0,40,114,36,2,2,0,1,1,2,2,1,0,7,0,4,57,8,2,4,1,1
1,0,38,50,20,2,0,0,0,0,0,0,1,0,4,2,0,42,6,1,2,0,2
1,0,38,70,30,2,2,0,0,4,2,2,0,0,4,3,4,38,6,1,2,1,1
1,0,37,48,30,3,0,2,0,2,1,0,0,0,4,0,0,48,8,1,2,0,2
0,0,37,48,20,2,0,1,0,2,2,2,1,0,4,2,4,41,69,1,2,0,1
1,0,38,84,36,2,0,2,0,2,2,0,1,0,4,2,1,44,8,1,2,0,1
0,0,38,88,32,2,2,3,0,1,2,2,1,2,1,3,4,55,60,1,2,2,2
1,0,37,44,40,1,0,2,0,0,2,1,0,0,4,0,4,41,60,1,2,0,2
1,0,39,108,51,2,2,5,1,1,3,2,0,1,4,2,4,59,8,1,2,0,2
0,0,38,40,16,2,2,0,0,0,2,0,1,0,4,0,0,34,66,1,2,0,2
0,0,38,60,20,3,2,3,1,4,3,0,1,0,4,3,4,45,24,1,2,2,1
1,0,38,40,16,2,0,0,0,1,2,0,1,0,4,3,4,37,57,1,2,0,2
0,1,38,140,68,0,0,0,0,2,2,1,1,0,4,1,0,39,5,1,2,0,1
0,0,37,52,24,0,2,2,0,3,3,0,1,2,5,1,4,48,6,0,3,1,1
0,0,38,70,36,0,0,2,1,1,2,1,1,0,4,3,4,36,7,1,2,0,1
0,0,38,52,96,2,2,2,0,2,2,0,0,0,4,0,4,43,6,1,2,0,1
1,0,37,50,32,0,0,2,0,0,2,1,1,0,4,0,4,44,7,1,2,0,2
0,0,38,60,32,3,2,1,1,3,3,3,1,0,4,3,4,53,64,2,2,2,1
0,1,38,84,40,2,2,1,0,2,2,2,0,0,4,3,4,36,6,1,2,1,1
0,0,38,70,16,2,3,4,1,1,2,1,1,0,4,3,4,60,7,1,2,1,1
0,0,38,40,16,2,0,0,0,0,2,1,1,0,4,3,4,38,58,0,2,0,1
0,0,38,40,30,1,0,0,0,0,2,0,0,0,4,3,4,39,56,1,2,0,1
0,0,36,60,28,2,0,0,0,2,2,0,1,0,4,3,4,45,24,1,10,1,1
0,0,38,44,24,2,0,3,0,4,3,2,1,0,4,3,4,50,77,1,2,0,1
1,0,38,70,40,2,0,0,0,2,2,1,1,0,4,3,4,45,70,1,2,0,2
0,0,38,44,12,0,0,0,0,2,2,2,1,0,4,3,4,42,65,1,2,0,1
1,0,39,70,30,2,2,3,1,2,3,2,1,2,5,3,4,45,6,0,2,2,1
0,0,36,78,30,0,0,0,0,4,2,0,1,0,4,3,4,34,75,1,1,0,1
1,0,38,56,20,1,0,1,0,0,2,0,0,0,4,3,4,46,70,1,2,0,2
0,0,39,54,66,0,0,1,0,1,2,1,0,0,4,2,3,39,6,1,2,0,1
0,0,38,80,40,2,0,5,1,3,2,0,1,1,4,0,3,67,10,1,1,2,1
1,0,38,40,28,1,0,0,0,2,0,0,1,0,4,0,4,39,62,0,1,0,2
0,0,38,64,24,0,0,2,0,3,3,2,1,0,4,3,3,45,7,0,2,1,1
1,0,37,48,20,2,0,3,0,0,0,2,1,0,4,0,0,37,5,1,2,2,1
0,0,38,42,68,3,0,0,0,2,2,1,1,1,4,3,3,41,7,1,2,0,1
0,0,38,70,30,2,0,2,0,4,3,1,1,0,4,3,4,33,6,1,2,0,1
0,0,37,50,32,2,2,0,0,3,3,0,1,0,4,0,4,45,7,1,1,0,1
0,0,37,84,20,2,0,2,0,1,2,2,1,0,4,3,4,31,61,1,1,2,2
0,0,38,49,30,2,0,0,0,2,2,0,1,0,4,3,4,44,7,1,2,0,1
0,0,37,30,12,2,0,0,0,2,2,0,1,0,4,3,4,45,24,1,2,1,1
1,0,37,88,36,2,0,0,0,2,2,1,0,2,1,3,4,44,6,1,2,1,1
0,0,38,48,20,2,0,2,0,3,2,0,1,0,4,2,4,43,73,1,1,0,1
1,0,37,40,24,0,0,0,0,1,2,0,1,0,4,3,2,40,5,1,2,0,1
0,0,38,100,30,2,0,3,1,4,3,0,1,0,4,1,4,59,6,1,2,1,1
0,1,38,136,48,2,2,2,0,4,0,2,1,1,4,1,4,33,4,1,2,1,1
0,0,38,70,30,2,2,2,1,4,2,2,2,1,4,3,4,46,5,1,2,1,1
0,0,38,48,30,0,0,0,0,0,1,3,1,1,4,3,4,45,24,1,2,0,1
1,0,38,56,30,0,1,2,0,0,0,0,0,0,4,0,0,42,71,1,2,0,2
1,0,38,60,32,0,0,0,0,2,2,0,0,0,4,3,4,50,7,0,1,0,2
0,0,38,44,9,2,0,0,0,1,1,0,0,0,4,3,4,31,7,1,2,0,2
1,0,36,42,30,2,0,4,0,2,2,0,1,0,4,3,4,64,6,1,2,1,2
0,0,38,120,30,3,2,5,1,4,3,3,1,0,4,3,4,57,4,2,3,1,1
0,0,37,48,28,0,0,0,1,0,1,0,1,0,4,0,0,46,5,1,7,0,2
0,0,37,84,40,2,2,5,0,1,3,3,2,1,2,3,4,75,81,1,2,2,2
1,0,38,80,32,2,2,1,0,1,2,2,1,0,4,2,4,50,80,1,2,0,1
0,0,38,48,30,0,2,2,0,2,3,3,0,2,2,3,4,42,71,1,2,0,1
1,0,38,44,12,1,0,2,0,2,3,2,0,1,6,0,3,33,6,1,2,1,1
0,0,38,132,30,2,2,5,1,1,3,1,1,2,6,3,3,57,8,1,5,0,1
1,0,38,48,24,2,0,0,0,0,0,0,0,0,4,0,4,34,63,1,2,0,2
1,0,38,44,14,2,0,0,0,1,2,1,1,0,4,3,1,33,64,1,2,0,2
0,0,39,70,30,3,2,5,1,3,3,1,0,2,4,3,3,75,24,2,4,1,1
0,0,38,100,30,2,2,3,1,2,3,3,1,0,2,3,4,68,64,2,2,0,1
1,0,38,48,20,2,0,0,0,0,2,1,1,0,4,2,1,50,7,0,2,0,2
1,0,38,48,40,0,0,2,0,2,2,3,1,0,4,3,4,41,65,1,2,0,1
1,0,38,48,20,2,2,3,0,0,3,1,1,0,5,3,1,49,8,0,2,0,2
1,0,38,52,20,0,0,0,0,2,2,1,0,0,4,0,2,36,6,0,5,0,2
0,0,37,60,24,0,0,2,1,2,3,3,1,2,2,3,4,52,75,1,2,2,1
1,0,38,42,40,2,0,0,0,2,2,0,1,0,4,3,4,45,24,1,2,0,2
1,0,38,70,12,0,0,1,0,1,0,1,2,0,4,0,2,44,7,1,2,0,2
0,0,38,70,30,2,0,0,0,3,2,0,0,0,4,3,4,35,58,1,1,0,1
0,0,38,42,24,2,0,0,0,2,2,0,1,0,4,3,4,40,8,1,2,1,1
1,0,39,60,10,2,0,0,1,2,2,1,1,0,4,2,4,38,56,0,2,0,2
0,0,38,66,20,0,2,2,0,4,2,0,0,0,4,2,4,46,46,2,2,2,1
0,0,38,76,30,0,0,4,1,2,2,1,1,1,4,3,3,50,8,1,2,0,1
0,0,39,120,48,2,0,4,0,2,2,2,0,0,4,3,4,56,64,0,2,2,2
0,0,38,40,18,0,0,0,0,2,0,0,1,0,4,1,0,43,5,0,2,0,2
1,0,38,44,24,0,0,0,0,2,2,0,1,0,4,3,0,45,6,1,2,0,2
0,0,38,104,40,0,0,2,0,1,3,1,1,2,6,3,3,55,8,1,2,0,1
0,0,38,65,24,2,0,0,1,4,2,3,2,0,4,3,4,45,24,1,2,2,1
1,0,37,44,20,0,0,2,0,2,0,0,1,0,4,0,4,35,7,1,2,0,2
1,0,39,86,16,2,2,4,0,2,2,2,1,1,4,3,4,68,5,2,6,1,1
0,0,38,129,48,2,2,2,0,1,3,2,0,2,2,3,4,57,66,2,2,0,1
0,0,38,104,30,2,2,4,1,1,3,2,1,2,4,3,3,69,8,1,3,1,1
1,0,38,70,30,2,3,5,0,3,2,3,1,0,4,3,4,45,24,1,2,1,1
0,0,38,70,30,2,0,0,0,2,2,0,1,0,4,3,4,45,24,1,2,0,1
0,0,38,60,30,0,0,2,0,2,2,0,1,0,4,2,1,48,66,1,2,0,1
0,0,38,68,14,2,0,3,0,3,2,0,1,0,4,3,4,45,24,1,2,1,1
0,0,38,60,30,2,2,3,1,4,3,3,0,0,4,3,4,45,70,2,2,0,1
1,0,38,100,30,2,2,4,1,3,2,3,1,0,4,3,4,45,24,1,2,2,2
0,0,38,84,30,2,0,4,1,3,2,2,1,2,6,3,3,47,7,2,2,1,1
1,0,37,48,14,2,0,0,0,2,2,1,0,2,5,0,4,35,7,1,2,0,2
0,0,38,70,24,2,2,5,1,4,2,3,0,0,4,3,4,68,7,1,2,1,1
1,0,37,56,16,0,0,1,0,1,0,0,1,0,4,0,4,44,68,0,1,0,2
1,0,38,68,32,1,1,1,0,0,0,0,2,0,4,0,0,43,65,1,2,0,2
0,0,38,120,60,3,2,5,1,2,2,0,1,0,4,3,4,54,24,1,2,0,1
0,0,39,64,90,1,2,0,0,2,2,0,0,1,4,3,4,39,6,1,2,0,1
0,0,38,80,30,3,2,0,0,2,2,2,2,2,4,3,4,32,6,2,4,0,1
0,0,38,60,30,0,0,0,0,2,0,0,1,0,4,3,4,33,53,0,2,0,1
0,0,38,60,16,2,0,0,0,1,0,0,1,1,3,0,3,30,6,0,3,0,1
0,0,37,40,8,2,0,3,0,2,2,0,0,0,4,2,2,23,6,2,2,0,1
1,1,38,100,44,1,0,0,0,3,0,0,1,0,4,0,4,37,4,1,2,0,2
0,0,38,48,18,0,0,0,0,2,2,2,0,1,4,3,4,48,74,0,2,0,1
0,0,38,60,48,2,2,3,1,3,2,3,1,0,4,3,4,58,7,1,2,1,1
1,0,37,88,24,0,0,1,0,1,1,0,1,0,4,3,0,37,56,1,2,0,2
1,0,38,44,12,2,0,0,0,2,0,1,1,0,4,0,4,42,64,1,2,0,2
1,0,38,60,20,0,0,4,1,1,1,0,1,0,4,1,2,63,7,1,2,2,2
1,0,38,96,36,2,2,0,1,1,3,1,0,1,4,3,4,70,8,1,2,1,1
1,0,38,60,20,0,0,0,1,0,2,0,1,0,4,2,4,34,66,1,2,0,2
1,0,38,60,40,2,0,1,0,1,0,1,1,0,4,2,1,49,59,1,2,0,2
0,0,37,48,12,0,0,2,0,2,0,2,1,0,4,2,2,40,6,1,2,0,1
0,0,38,86,30,0,0,2,0,3,3,2,1,0,4,2,4,45,7,0,3,1,1
0,0,37,48,40,2,0,0,0,2,2,0,0,0,4,3,4,41,55,2,2,2,1
1,0,37,36,9,0,0,0,0,1,2,0,1,0,4,3,0,35,5,1,2,0,2
0,0,39,70,23,2,0,2,0,3,3,1,1,0,4,3,4,36,6,0,3,0,1
1,0,38,100,30,2,2,4,1,3,2,3,1,0,4,3,4,45,24,1,2,2,2
0,0,38,96,30,1,2,3,1,3,3,2,1,0,4,2,4,50,65,1,2,0,1
0,0,38,70,30,2,0,0,0,2,2,0,1,0,4,3,4,45,8,1,2,1,1
0,0,37,88,80,2,2,4,1,2,2,2,1,2,4,3,4,64,89,1,2,2,1
1,0,37,44,10,2,0,0,0,2,0,1,1,0,4,2,2,43,51,0,1,0,2
0,0,37,68,20,2,0,1,0,1,3,1,1,0,4,0,4,45,4,2,2,1,1
0,0,38,86,24,3,2,3,0,1,3,3,0,0,4,3,4,45,5,0,10,1,1
0,1,38,120,30,0,2,1,1,2,2,2,2,0,3,3,4,47,6,0,2,0,2
0,0,37,45,12,2,0,2,0,2,1,1,1,0,4,0,3,39,7,1,1,0,1
1,0,38,56,32,1,0,0,0,0,0,0,1,0,4,1,4,40,7,1,2,0,2
0,0,37,40,12,0,0,0,0,0,1,0,1,0,4,0,1,38,7,1,2,0,1
1,0,38,70,30,2,0,0,0,2,2,0,1,0,4,3,4,45,24,1,2,0,2
0,0,38,76,18,2,0,0,1,2,2,0,1,0,4,3,4,71,11,1,2,0,1
0,0,38,40,36,0,1,1,0,1,1,0,1,0,4,3,4,45,24,1,2,2,1
0,0,38,52,28,2,2,3,0,2,3,2,1,0,4,3,3,37,8,1,2,0,1
0,0,39,88,58,3,3,0,1,4,3,0,1,0,4,3,4,45,24,1,2,2,2
0,0,38,92,40,3,2,0,0,1,3,2,1,0,4,3,4,46,67,1,2,0,1
0,0,38,112,13,3,3,3,0,1,2,0,1,0,4,3,3,60,6,2,2,0,1
0,0,37,66,12,0,0,2,0,2,2,1,1,0,4,3,3,31,6,1,1,0,1
0,0,38,50,14,0,0,0,0,2,0,0,0,0,4,2,4,38,58,1,2,0,1
1,0,38,54,24,0,0,0,0,0,2,0,1,0,4,2,1,49,7,0,8,0,2
0,0,39,120,20,3,2,4,1,1,2,2,0,2,4,3,3,60,8,2,2,1,1
0,1,38,70,30,2,0,0,0,2,2,0,1,0,4,3,4,45,6,1,2,0,1
0,0,37,90,40,2,0,5,1,4,3,2,1,1,4,0,4,65,50,2,2,2,1
0,1,38,120,70,2,0,0,0,2,0,0,1,0,4,0,4,35,54,0,1,0,1
0,0,38,104,40,2,2,0,0,3,2,3,1,0,4,3,4,45,24,1,2,0,1
1,0,39,92,28,2,2,5,0,4,3,0,1,2,4,3,4,72,6,1,3,1,2
0,0,38,30,18,2,0,0,0,2,2,0,1,0,4,3,4,40,7,1,2,0,1
0,0,38,72,30,3,2,2,1,2,2,2,1,0,4,2,4,43,7,1,3,0,1
1,0,37,48,30,3,0,2,0,2,1,0,0,0,4,0,0,48,8,1,2,0,2
0,0,38,52,24,0,0,4,0,3,2,0,1,2,7,0,4,54,7,1,2,1,1
1,0,38,42,26,0,0,0,0,2,0,1,1,0,4,0,4,36,6,1,2,0,2
1,0,37,54,42,1,0,4,0,2,0,0,1,0,4,3,1,47,54,2,1,0,2
1,0,36,88,30,2,2,2,0,2,2,1,1,2,4,3,3,45,7,2,4,2,1
0,0,38,70,22,2,0,0,0,4,2,0,1,0,4,3,4,36,65,1,2,2,1
0,0,38,90,30,3,2,3,1,4,3,3,1,0,4,3,4,55,6,1,2,1,1
0,0,38,52,16,0,0,1,0,0,1,0,0,0,4,0,4,43,8,1,2,0,2
0,0,38,36,32,0,0,3,0,4,2,2,1,2,4,3,3,41,5,1,2,1,1
0,0,38,92,20,0,0,0,1,2,2,2,1,0,4,0,4,45,24,1,2,0,1
0,1,38,124,88,0,2,1,0,1,2,3,1,0,4,3,4,47,8,0,2,0,1
1,0,38,96,30,2,2,2,1,4,3,3,1,0,4,3,4,60,24,1,2,1,1
0,0,37,68,32,2,0,2,0,3,1,3,1,1,6,0,4,47,7,0,2,0,1
0,0,38,88,24,2,2,3,0,4,3,2,1,0,4,2,3,41,4,1,2,1,1
0,0,38,108,60,1,2,3,0,3,2,2,1,0,4,2,3,45,24,2,2,0,1
1,0,38,48,30,1,0,0,1,2,2,0,1,0,4,3,1,34,6,1,2,0,2
0,0,39,100,51,3,3,5,0,1,3,0,0,2,2,3,3,66,13,2,2,2,1
1,0,36,42,18,2,2,1,0,0,3,0,0,0,4,3,4,52,7,1,2,1,1
0,1,38,124,36,2,0,1,0,1,2,3,0,0,4,3,3,50,7,2,2,1,1
1,0,38,112,24,2,2,3,1,4,3,1,1,0,4,3,4,40,5,2,2,0,2
0,0,38,80,30,2,2,2,0,3,3,3,1,0,4,3,4,43,70,1,2,0,1
0,1,38,184,84,0,0,0,0,3,0,2,1,0,4,1,4,33,3,1,2,1,1
0,0,37,72,30,1,0,0,0,1,0,0,0,0,4,0,4,35,65,1,2,2,1
0,0,38,96,28,2,2,3,0,2,3,0,1,2,7,3,4,64,9,1,2,1,1
1,0,37,52,12,0,0,0,0,1,2,1,1,0,4,2,4,36,61,0,1,0,2
0,0,40,72,42,2,2,0,0,1,2,0,1,0,4,3,4,54,7,2,2,1,1
1,0,38,40,25,2,0,0,0,3,2,1,0,0,4,3,4,37,69,1,2,0,2
1,0,38,48,16,1,0,0,0,0,2,1,1,0,4,3,1,39,6,1,2,0,2
1,1,38,88,28,2,0,0,0,2,2,0,1,0,4,3,4,35,5,1,2,0,2
0,0,37,75,36,2,0,2,1,3,3,1,1,2,5,3,3,48,7,2,3,1,1
0,0,38,44,21,2,0,1,0,2,2,2,1,0,4,0,4,44,6,1,4,0,1
1,0,38,56,68,2,0,0,0,2,2,0,1,0,4,0,4,40,6,1,2,2,1
1,0,38,68,20,1,0,2,0,2,2,1,0,0,4,0,4,38,6,0,2,0,2
1,0,38,54,18,2,0,1,0,1,2,1,1,2,5,3,3,44,7,2,2,0,2
0,0,38,42,20,2,0,0,0,2,2,0,1,0,4,2,4,47,60,1,2,0,2
0,0,39,64,90,1,2,0,0,2,2,0,0,1,6,0,4,39,6,1,2,0,1
0,0,37,60,50,2,2,0,0,2,2,1,1,1,3,2,3,35,6,1,2,1,1
0,0,37,80,30,2,2,5,0,4,3,0,1,2,4,2,0,50,55,2,2,0,1
0,0,38,100,30,2,2,3,1,4,3,3,2,2,4,3,3,52,6,1,2,0,1
0,0,37,120,28,2,2,2,0,4,2,2,0,0,4,3,4,65,7,2,2,1,1
0,0,38,76,30,2,2,0,0,2,3,3,1,0,4,3,4,45,24,1,2,2,1
0,1,38,150,50,0,2,5,1,4,2,1,0,0,4,3,4,50,6,1,2,1,1
0,0,38,36,16,2,0,0,0,3,1,1,2,2,2,2,4,37,75,1,1,2,2
1,0,36,50,40,1,2,2,0,0,2,1,2,0,7,3,4,37,6,1,2,0,2
1,0,37,40,16,0,0,0,0,0,0,0,1,0,4,0,0,37,6,1,2,0,2
1,0,38,56,40,3,2,0,0,1,3,2,1,1,7,3,4,47,7,0,2,0,2
0,0,38,48,12,2,0,0,0,0,0,0,1,0,4,3,4,36,67,1,2,0,2
1,0,40,78,30,2,2,4,0,1,2,0,0,0,4,3,0,66,6,1,2,1,1
0,0,38,70,16,2,3,4,1,1,2,1,1,0,4,3,4,60,7,1,2,1,1
0,0,38,72,18,2,0,0,0,2,2,0,1,0,4,3,4,35,6,1,2,0,1
1,0,38,54,30,0,0,0,0,2,0,0,1,0,4,0,4,40,6,1,7,0,2
0,0,38,66,24,0,0,0,0,2,2,0,1,0,4,3,4,40,6,0,2,0,1
1,0,37,82,12,2,0,0,1,3,2,2,0,2,4,3,4,50,7,1,2,2,1
1,1,39,84,30,2,0,0,0,2,2,0,1,0,4,3,4,28,5,1,2,0,2
0,0,38,70,30,2,0,0,0,2,2,0,1,0,4,3,4,45,24,1,2,0,1
0,0,38,50,36,2,0,0,0,2,1,1,1,0,4,2,4,39,6,0,5,0,1
1,0,38,45,16,1,0,1,0,0,0,0,1,0,4,0,0,43,58,1,2,0,2
0,0,38,80,44,2,2,2,0,1,2,2,1,1,7,2,0,54,6,2,2,1,1
0,0,37,66,20,0,2,1,0,3,2,2,0,0,4,0,4,35,6,1,2,1,1
0,0,38,78,24,2,2,2,0,2,2,0,1,0,4,3,3,43,62,1,2,2,2
1,0,38,40,16,0,0,0,0,1,0,0,1,0,4,2,1,37,67,1,2,0,2
0,0,38,120,70,3,0,3,1,1,3,0,1,0,4,3,4,55,65,1,2,2,2
1,0,37,72,24,2,1,3,1,3,2,2,2,0,4,3,3,44,24,2,3,2,1
0,0,37,72,30,3,2,3,0,3,3,2,1,0,4,2,4,60,6,1,2,1,1
0,0,36,100,24,2,2,2,0,2,2,2,2,0,4,3,3,50,6,2,3,0,1
0,0,37,40,20,2,0,0,0,2,2,0,1,0,4,3,0,36,62,0,1,2,2
1,0,38,54,20,2,0,1,1,2,3,0,1,1,5,3,1,42,6,1,2,0,2
1,0,37,48,36,2,0,0,0,2,2,0,1,0,4,3,4,44,6,0,5,0,2
0,0,37,44,28,2,3,2,1,4,3,3,0,0,4,2,4,45,70,2,2,0,1
0,0,37,56,24,2,0,3,1,3,3,2,0,0,4,3,4,35,61,2,2,2,2
1,0,38,42,12,2,0,2,0,0,2,0,1,0,4,3,1,37,5,1,2,0,2
0,0,38,60,40,2,0,0,0,2,3,0,2,1,4,3,4,42,72,1,2,0,1
1,0,38,80,60,2,1,1,0,2,1,0,1,1,4,0,0,54,6,1,2,0,2
1,0,37,48,12,1,0,1,0,2,2,0,1,0,4,1,4,48,7,0,2,0,2
0,0,38,65,40,2,0,3,1,1,2,0,1,0,4,3,4,45,24,1,2,0,1
1,0,37,45,36,2,2,2,1,1,2,0,1,0,4,2,4,33,5,2,2,0,1
1,0,39,84,12,2,0,4,0,1,3,1,0,1,7,3,3,62,5,1,2,1,1
1,0,38,60,24,2,0,2,1,2,2,1,2,2,4,3,3,53,7,1,1,0,2
0,0,38,140,30,2,0,3,1,4,3,3,0,0,4,3,4,30,69,1,2,1,2
0,0,37,120,60,2,2,2,0,4,3,3,1,1,7,3,4,52,6,2,1,1,1
1,0,38,72,36,0,0,2,0,2,2,1,1,0,4,2,4,38,6,1,2,0,2
1,1,38,92,28,0,0,1,0,0,2,1,2,0,7,3,4,37,6,0,1,0,2
0,0,38,66,30,1,2,0,0,1,3,2,2,1,8,3,4,37,6,1,2,0,1
1,0,37,48,24,2,0,0,0,1,0,0,0,0,4,2,1,43,6,0,2,0,2
0,0,37,88,20,1,2,2,0,3,2,2,1,0,4,3,4,35,6,0,2,1,1
1,1,38,150,60,3,3,3,1,4,3,3,1,0,4,3,4,45,24,1,2,1,1
0,0,39,100,30,2,0,5,1,3,3,2,0,0,4,3,4,65,75,1,2,2,1
0,0,38,80,30,2,2,3,1,4,3,2,1,0,4,3,3,45,7,1,4,0,1
1,0,37,40,32,2,0,2,0,2,1,2,1,0,4,3,4,32,6,0,1,0,1
0,0,38,84,30,2,0,4,1,3,2,2,1,2,6,3,3,47,7,2,2,1,1
0,0,38,84,44,3,0,3,1,4,2,0,0,2,5,3,3,60,6,1,5,1,1
1,0,38,52,30,0,0,0,0,0,2,0,1,0,4,0,2,4,74,1,2,0,2
1,0,38,44,40,1,0,2,0,2,2,0,1,0,4,0,2,35,6,1,2,0,2
1,0,38,52,20,1,0,2,0,0,2,1,1,0,4,2,4,41,63,0,1,0,2
0,0,38,60,30,0,0,2,0,1,0,0,0,0,4,3,3,43,6,1,3,0,1
1,0,37,40,18,0,0,0,0,2,1,0,0,0,4,2,2,36,3,1,2,0,2
0,0,39,60,10,2,0,0,0,1,2,0,1,0,4,3,3,45,24,1,2,0,1
1,0,37,48,16,0,0,0,0,2,0,0,1,0,4,3,2,43,7,1,2,0,2
0,0,39,120,30,3,2,4,1,1,3,2,1,2,8,3,4,65,8,2,4,0,2
0,0,38,76,30,1,2,1,0,4,2,2,0,1,6,0,4,35,6,1,0,0,1
1,0,38,88,30,2,0,5,0,2,2,0,1,0,4,3,4,45,24,1,2,1,2
0,0,38,80,30,2,2,2,0,2,2,0,1,0,6,3,4,48,8,1,4,0,1
0,0,38,70,30,2,0,0,0,1,2,2,0,2,6,3,3,45,24,1,2,1,1
0,0,37,40,30,0,0,0,0,0,0,0,1,0,4,0,0,45,24,1,2,0,1
1,0,37,44,30,0,0,0,0,2,2,1,1,0,4,3,4,45,5,1,1,0,2
1,0,38,42,16,0,0,2,0,0,2,0,1,0,4,0,4,35,60,0,1,0,2
1,0,38,56,44,2,2,2,0,2,0,0,1,0,4,3,4,47,70,1,1,0,2
1,0,38,45,20,2,2,1,1,1,3,0,1,0,4,3,4,45,24,1,2,0,2
0,0,38,48,96,0,0,2,0,2,3,0,1,0,4,0,3,42,8,0,2,0,1
0,0,37,55,28,1,0,1,0,1,2,2,1,2,5,3,4,45,24,1,2,0,1
1,0,36,100,20,3,2,5,1,1,3,2,0,0,4,3,4,74,5,1,2,2,1
0,0,37,60,20,1,0,3,0,2,2,2,1,1,5,2,3,64,8,1,2,0,1
1,0,37,114,40,2,0,2,1,1,1,0,1,0,4,3,2,32,24,2,6,0,2
0,0,38,72,30,2,2,2,0,3,3,2,1,0,4,2,4,37,56,2,1,0,1
0,0,37,44,12,2,0,0,1,0,0,0,1,0,4,3,1,40,6,2,8,0,1
0,0,38,48,20,2,0,0,0,3,2,0,1,0,4,2,4,37,75,1,2,0,1
0,0,38,82,72,2,0,3,0,1,2,2,1,2,4,3,3,53,65,2,2,2,1
0,1,38,78,60,3,3,5,0,2,2,2,1,0,4,0,4,59,5,2,3,1,1
1,0,37,60,16,0,0,2,0,1,2,1,0,1,4,2,4,41,73,1,2,2,2
0,0,38,34,30,1,0,2,0,1,2,0,1,0,4,3,4,33,69,1,2,2,1
0,0,38,36,12,0,0,0,0,0,1,0,0,0,4,0,4,44,24,1,2,0,1
1,0,38,44,60,2,0,0,0,2,2,0,1,0,4,3,4,6,36,1,2,0,1
1,0,37,54,18,2,0,0,0,2,3,2,1,1,4,3,4,30,7,1,2,0,1
0,0,38,70,30,3,2,0,1,1,3,0,1,0,4,3,4,54,76,2,2,0,1
0,0,36,48,16,2,0,2,0,3,0,0,0,0,4,3,4,27,56,1,2,2,1
0,0,38,90,30,0,0,2,0,2,2,2,1,2,2,3,4,47,79,1,2,0,1
0,0,38,75,12,0,0,3,0,4,2,2,1,2,5,3,4,58,8,0,2,0,1
1,0,38,42,30,2,0,0,0,0,0,1,1,0,4,2,1,35,5,1,2,0,2
0,1,38,78,60,3,3,5,0,2,2,2,1,0,4,0,4,59,5,2,3,1,1
1,0,38,60,30,0,0,2,0,3,1,1,0,0,4,3,4,40,6,0,2,0,1
1,0,37,42,40,0,0,0,0,0,2,0,1,0,4,2,2,36,6,1,2,0,2
0,0,38,60,12,0,0,1,0,1,0,0,0,0,4,0,3,44,65,2,2,2,1
1,0,38,42,12,2,0,2,0,0,0,0,1,0,4,3,0,37,5,1,2,0,2
1,0,37,88,36,2,0,0,0,2,2,1,0,2,1,3,4,44,6,1,2,1,1
