data set name:primary-tumor
primary-tumor
num value:primary-tumor
3,2,3,3,2,2,2,2,2,2,2,2,2,2,2,2,2,22,primary-tumor
2,1,1,2,1,1,1,1,1,0,1,1,1,1,1,1,1,1
2,0,1,2,1,1,1,1,1,0,1,1,1,0,1,0,1,1
1,1,1,2,1,1,1,0,1,1,1,0,1,1,0,1,1,22
1,1,1,2,1,1,1,1,0,1,1,1,1,1,1,1,1,18
1,1,1,2,1,1,1,0,0,1,1,1,1,1,1,1,1,18
1,0,1,2,1,1,1,1,1,0,1,1,1,1,1,1,1,7
1,0,1,2,0,1,1,1,1,1,1,1,1,1,1,1,1,17
1,1,1,2,0,1,1,1,1,1,0,1,1,1,1,0,1,1
1,0,1,1,1,1,1,1,1,1,1,1,0,0,1,1,1,17
1,1,1,0,1,1,1,1,0,0,1,1,1,1,1,1,1,18
2,1,1,2,1,1,1,1,0,0,1,1,1,0,1,1,1,1
1,0,0,2,1,1,1,0,1,1,1,1,0,1,1,1,1,2
2,1,1,2,0,1,0,1,1,1,1,1,1,1,1,1,1,4
2,1,1,2,1,0,1,1,0,1,1,1,1,1,1,1,0,11
1,0,0,0,0,1,1,1,1,1,1,0,0,0,1,1,1,1
1,0,0,2,1,1,1,1,1,1,1,1,0,1,1,1,1,2
1,0,2,2,1,1,1,0,1,0,1,1,0,1,1,0,0,1
1,0,1,2,0,1,1,1,1,0,1,1,1,1,1,0,1,1
2,0,1,1,1,1,1,0,0,1,1,1,1,1,1,1,1,13
2,0,0,2,0,1,0,0,1,0,1,1,1,1,1,1,0,1
1,1,1,2,1,1,1,1,0,0,1,0,1,1,1,1,0,18
1,1,1,0,1,1,1,1,1,1,1,1,1,0,1,1,1,14
0,1,1,2,0,1,1,1,1,1,1,1,1,1,1,0,1,1
1,0,0,0,0,1,1,1,1,1,1,1,0,0,1,1,1,10
0,0,1,2,1,1,0,1,1,1,1,1,0,0,0,1,1,22
2,0,1,0,1,1,1,1,1,0,1,0,1,1,1,1,1,8
2,0,1,2,1,1,1,1,1,0,1,1,1,1,1,1,0,11
1,0,0,2,1,1,1,1,1,0,1,1,1,1,1,0,1,1
2,1,1,2,1,1,1,1,1,0,1,1,1,1,1,1,0,11
2,0,1,0,0,1,1,1,1,1,1,1,1,1,1,1,1,17
2,1,1,2,1,1,1,1,1,0,1,1,1,1,1,1,0,12
2,1,1,2,1,1,1,1,1,0,1,1,1,1,1,1,1,12
1,1,1,2,1,1,1,1,0,0,1,1,1,1,0,0,0,22
1,1,1,2,1,1,1,1,1,1,1,1,1,1,0,1,1,22
2,1,1,2,1,1,0,1,1,0,1,1,1,1,1,1,0,12
1,1,1,2,1,1,1,1,1,1,1,1,1,0,0,1,0,5
1,0,1,2,1,1,1,1,1,1,0,1,1,1,1,1,0,5
1,0,1,2,1,1,1,1,1,1,1,1,1,0,1,0,1,1
1,0,1,2,0,1,1,1,1,1,1,1,0,1,1,1,1,4
0,0,1,2,0,1,1,0,0,1,1,1,1,1,1,1,1,11
1,0,1,2,1,1,1,1,0,1,0,0,1,1,1,0,0,1
2,1,1,2,1,1,1,1,1,0,1,1,1,1,1,1,1,11
1,1,1,2,1,1,0,1,1,0,1,1,1,1,1,1,0,11
1,1,1,2,1,1,1,0,0,1,1,1,1,1,1,1,1,18
1,1,1,2,0,1,1,1,1,1,1,0,0,1,1,1,1,3
1,1,1,0,1,1,1,1,0,0,1,1,1,1,1,1,0,11
1,1,1,2,1,1,1,1,1,0,1,1,1,1,1,1,0,11
1,0,0,1,0,1,1,1,1,1,1,1,0,0,1,1,1,1
2,1,1,0,1,1,1,1,0,1,1,1,1,1,1,1,1,18
2,1,1,0,1,1,1,1,1,1,1,1,1,0,1,1,1,5
2,1,1,2,1,1,1,1,1,1,1,1,1,1,1,0,0,12
2,1,2,2,1,1,1,0,1,1,1,1,1,1,1,0,1,4
1,1,1,2,0,1,1,0,1,1,1,0,0,0,0,0,1,22
0,0,1,2,1,1,1,1,0,0,1,1,1,1,1,1,1,7
1,1,1,2,1,1,0,1,1,1,1,1,0,0,0,0,0,5
1,0,1,2,0,1,1,0,1,1,1,1,1,1,1,0,1,1
1,0,1,2,0,0,1,1,1,1,0,1,1,1,1,0,1,1
1,0,1,2,1,1,0,1,1,0,1,1,1,1,1,1,0,3
1,1,1,2,0,1,1,1,1,1,1,1,1,1,1,1,1,22
0,1,1,2,0,1,1,1,1,1,0,1,1,0,0,0,1,1
1,0,1,2,1,1,1,1,1,1,1,1,0,1,1,1,1,2
1,0,1,2,0,0,0,0,0,0,1,1,1,1,1,0,0,1
2,0,1,2,1,1,1,1,1,1,1,1,0,1,1,1,1,2
1,1,1,2,1,1,0,1,1,0,1,1,1,1,1,1,0,19
1,0,0,0,1,1,1,1,1,1,1,1,0,1,1,1,1,8
1,1,1,0,1,1,1,0,0,1,1,1,1,1,1,1,1,5
2,0,1,2,1,1,1,1,1,0,1,1,1,1,1,1,0,17
1,0,1,2,1,1,1,0,1,1,1,1,1,1,1,1,1,1
1,1,1,2,0,1,1,0,1,0,1,1,1,0,1,0,1,4
1,1,1,2,0,1,1,1,1,1,1,1,1,1,0,1,1,22
2,1,1,0,1,1,1,1,0,1,1,1,1,1,1,1,1,11
2,0,1,2,0,1,0,1,1,1,1,1,1,1,1,1,1,14
1,0,1,2,0,1,1,1,1,1,1,1,1,1,1,1,1,14
1,1,1,2,1,1,1,0,1,1,1,1,1,1,1,1,0,11
1,0,1,2,1,1,1,1,1,1,1,1,1,0,1,0,1,1
2,0,0,2,1,1,1,1,1,1,1,1,1,0,1,1,1,1
1,1,1,0,1,1,1,1,0,1,1,1,1,1,1,1,1,18
1,0,1,2,1,1,1,1,1,1,1,1,0,0,1,0,0,1
1,0,1,2,1,1,1,1,1,1,1,1,1,1,0,1,1,1
1,0,1,1,1,1,0,0,1,1,1,1,1,1,1,1,1,16
1,0,1,2,0,1,0,0,1,0,1,1,1,1,1,0,0,1
1,1,1,2,0,1,1,1,1,0,1,1,1,1,1,1,1,1
1,0,1,2,1,1,1,0,1,0,1,0,1,1,1,1,1,1
1,0,0,0,1,1,1,1,1,1,1,1,0,1,1,1,1,2
1,0,2,2,0,0,1,1,1,1,1,1,1,1,1,0,1,1
2,1,1,0,0,1,1,1,1,1,1,1,1,1,1,1,1,4
1,0,1,2,1,1,0,1,1,0,1,1,1,1,1,0,0,1
2,0,0,1,1,1,1,1,1,1,1,1,0,1,1,1,1,2
1,1,1,2,1,1,1,1,0,1,1,1,1,1,1,1,0,18
1,1,0,2,1,1,1,1,1,0,0,1,1,1,1,0,1,1
1,1,2,2,1,1,1,0,1,1,0,1,1,1,1,0,1,1
2,0,1,2,1,1,0,1,0,0,1,1,1,1,1,1,0,5
1,0,1,2,1,1,0,1,1,1,1,1,1,0,1,1,1,1
2,0,1,2,0,1,0,1,1,1,1,1,1,1,1,0,0,14
1,1,1,1,0,1,1,1,1,1,1,1,1,1,1,1,0,20
1,0,1,2,1,1,1,1,1,0,1,1,1,0,1,1,1,3
2,0,1,2,1,1,1,1,0,0,1,1,1,1,1,1,1,5
1,1,1,2,1,1,1,0,1,1,1,1,1,1,1,1,1,1
1,0,1,2,0,1,0,1,0,1,1,1,1,1,1,1,0,14
2,1,1,2,1,1,0,1,1,0,1,1,1,1,1,1,0,12
1,1,1,1,1,1,1,1,0,1,1,1,1,1,1,1,1,5
1,0,1,2,1,1,1,0,1,1,1,1,1,0,1,0,0,1
1,1,1,2,1,1,1,1,0,1,1,1,1,1,1,1,1,5
1,1,1,2,0,1,1,0,1,1,1,1,1,1,1,1,1,22
0,1,1,0,0,1,0,1,1,1,1,0,1,1,1,1,1,4
2,0,0,1,1,1,1,1,1,1,1,1,0,1,1,1,1,2
2,1,1,0,1,1,0,1,1,1,1,1,1,1,1,1,1,8
1,1,1,2,0,1,1,1,1,1,1,1,1,1,1,1,1,13
1,1,1,2,1,1,1,1,1,1,1,1,0,0,1,1,1,2
1,0,0,2,1,1,1,0,1,0,1,1,1,1,1,1,1,1
0,0,1,0,1,1,1,1,0,1,1,1,1,0,1,1,1,5
0,1,1,0,1,1,1,1,1,1,1,1,1,1,1,1,1,14
1,1,0,2,0,1,1,1,1,1,1,1,0,1,1,1,1,2
1,1,1,2,0,1,0,1,1,1,1,1,1,1,1,1,1,14
2,1,1,2,1,1,0,1,0,0,1,1,1,1,1,1,0,18
2,1,1,2,1,1,1,0,0,1,0,1,1,1,1,1,0,13
1,0,1,2,0,1,1,1,1,1,1,1,1,1,1,1,1,14
1,1,1,2,1,1,1,1,1,1,0,1,1,1,1,0,1,1
1,1,1,2,1,1,1,0,0,1,1,1,1,1,1,1,1,18
2,1,1,0,1,1,1,1,1,0,1,1,1,1,1,1,1,5
0,0,1,2,1,1,1,0,1,1,1,1,1,1,1,1,1,5
2,1,1,1,1,1,1,1,1,1,1,1,0,0,0,1,1,22
0,1,1,2,0,1,1,1,0,1,1,1,0,0,0,1,0,5
2,0,0,2,1,1,1,1,1,1,1,1,0,1,1,1,1,2
1,0,1,2,1,1,1,1,1,0,1,1,1,1,1,1,1,11
2,0,0,1,0,1,1,1,1,1,1,1,1,1,1,0,1,1
1,1,1,2,1,1,1,0,1,1,1,1,1,1,1,1,0,18
2,0,1,2,1,1,1,1,0,1,1,1,1,1,1,1,1,5
2,1,1,2,0,1,1,1,1,1,1,1,1,1,1,1,0,4
0,1,1,2,0,1,0,0,1,1,1,1,1,1,1,0,1,1
1,1,1,2,1,1,1,0,0,1,1,1,1,1,1,1,1,18
1,1,1,2,0,1,1,0,1,0,1,1,0,0,0,0,0,22
2,1,1,2,1,1,1,0,0,1,1,1,1,1,1,1,1,18
1,0,1,2,1,1,1,1,1,1,1,1,1,1,1,0,1,1
1,0,1,0,1,1,1,1,1,1,1,1,1,1,1,0,1,5
2,1,1,1,1,1,1,1,1,1,1,1,1,0,0,1,1,22
1,0,1,2,0,1,0,1,1,1,1,1,1,1,1,1,1,14
0,1,1,2,0,1,1,1,1,1,1,1,1,1,0,1,1,22
2,0,1,0,1,1,1,1,1,0,1,1,1,1,1,1,1,8
1,0,1,2,0,1,0,1,1,1,0,1,1,1,1,0,1,5
1,0,0,2,1,1,1,1,1,1,1,1,1,0,1,0,1,1
1,0,0,2,1,1,0,1,1,1,1,1,1,0,1,1,1,3
1,1,1,2,1,1,1,1,0,1,1,1,1,1,1,1,1,18
1,1,1,2,0,1,1,1,1,1,1,1,1,0,0,1,1,22
1,0,0,2,1,1,0,1,1,1,1,1,0,0,0,0,1,3
2,0,1,2,1,1,1,1,1,0,1,1,1,1,1,1,1,5
1,1,1,1,0,1,1,0,1,1,1,1,1,0,0,0,0,22
1,1,2,2,1,1,1,0,0,1,1,1,1,0,1,0,1,1
2,1,1,2,1,1,1,1,1,0,1,1,1,1,1,1,0,5
1,0,0,2,0,1,1,0,1,1,1,1,1,0,1,0,1,1
1,0,0,2,0,1,1,1,1,1,1,1,1,1,1,1,1,1
2,0,1,2,1,1,0,0,1,1,1,1,1,1,1,1,1,14
1,0,0,0,0,1,1,1,1,1,1,1,1,1,1,1,1,1
2,1,1,2,1,1,1,1,0,0,1,1,1,1,1,1,1,12
0,1,1,0,0,0,1,1,0,1,1,1,1,1,1,1,1,5
2,1,1,2,1,1,0,1,1,1,1,1,1,1,1,1,1,13
1,0,1,2,1,1,1,0,0,0,1,1,1,1,1,1,0,11
2,1,1,1,1,1,1,1,1,0,1,1,1,1,1,1,0,12
2,1,1,2,0,1,1,1,1,1,1,1,1,1,1,1,0,19
1,1,1,2,1,1,1,1,1,0,1,1,1,1,1,1,0,11
2,1,1,2,1,1,1,1,1,1,1,1,1,1,1,0,0,1
2,0,1,2,0,1,1,1,1,0,1,1,1,1,1,0,0,1
1,0,1,0,1,1,1,1,0,0,1,1,1,1,1,1,0,7
2,0,1,0,1,1,1,1,1,1,1,1,1,1,1,1,0,17
2,1,1,2,0,1,0,1,1,1,1,1,1,1,1,1,1,4
1,0,2,2,1,1,0,1,0,1,1,1,1,1,1,1,0,1
2,0,1,0,1,1,0,1,1,0,1,1,1,1,1,0,0,17
2,1,1,2,1,1,1,1,0,0,1,1,1,1,1,1,0,11
1,0,1,2,1,1,1,1,1,1,1,1,1,0,1,0,1,1
1,0,1,2,1,1,0,0,1,1,1,1,1,1,1,0,0,11
2,1,1,2,1,1,1,1,1,0,1,1,1,1,1,1,0,12
1,0,1,2,1,1,1,1,1,1,0,0,1,0,0,0,1,1
1,1,1,2,0,1,1,1,1,1,1,1,1,0,0,1,1,22
1,1,1,2,1,1,1,1,0,1,1,1,1,1,1,1,0,18
1,1,1,1,1,1,1,1,0,1,1,1,1,1,1,1,0,7
1,0,1,2,1,1,1,0,1,0,1,1,1,1,1,0,0,11
2,0,1,0,1,1,1,1,1,1,0,1,1,1,1,1,1,14
1,0,1,2,1,1,1,1,0,0,1,1,1,1,1,1,0,5
2,0,0,0,0,1,1,1,0,0,1,1,1,1,1,0,1,1
1,0,1,2,0,1,1,1,1,0,1,1,1,1,1,1,1,5
1,1,1,2,1,1,1,0,0,1,1,1,1,1,1,1,1,12
1,0,1,2,1,1,1,0,0,0,1,1,1,0,1,1,0,7
1,0,1,2,1,1,1,1,1,1,1,1,1,0,1,1,1,5
1,1,1,1,1,1,1,1,0,1,1,0,0,0,0,1,1,22
1,0,1,1,1,1,0,1,1,1,1,1,0,0,1,0,1,1
2,0,1,1,1,1,1,0,0,0,1,1,1,1,1,1,0,7
1,0,1,2,1,1,1,1,1,0,1,1,1,1,1,1,1,11
1,0,1,0,1,1,1,1,0,0,1,1,1,1,1,1,1,11
1,0,1,2,0,1,0,1,1,1,0,1,1,1,1,0,1,14
2,1,1,2,1,1,1,1,1,0,1,1,1,1,1,1,0,7
1,0,2,2,1,1,1,1,1,1,0,1,1,1,1,1,1,1
1,1,1,1,1,1,1,0,0,1,1,1,1,1,1,1,1,18
0,0,1,2,1,1,1,1,1,0,1,1,1,0,1,0,1,1
1,1,1,0,0,1,1,1,1,1,1,1,1,1,1,1,1,1
1,0,1,2,0,1,0,0,1,1,1,1,1,1,1,0,1,14
1,1,1,1,1,1,1,1,1,1,1,1,1,1,1,1,0,19
1,0,1,2,0,1,1,1,1,1,1,0,1,1,1,1,1,1
1,0,1,2,0,1,1,1,1,1,1,1,1,1,1,1,1,5
2,1,1,2,0,1,0,0,1,0,1,1,1,1,1,0,0,11
0,0,1,2,1,1,1,1,1,1,1,1,1,0,1,1,1,14
1,1,1,2,0,1,0,0,0,0,1,1,1,1,1,0,0,1
1,0,1,2,1,1,1,0,1,0,0,1,1,1,1,0,0,1
1,0,1,1,0,1,1,1,1,1,1,1,1,1,1,1,1,17
2,1,0,2,1,1,1,1,1,0,1,1,1,1,1,1,0,12
1,0,1,0,1,1,0,1,1,1,1,0,1,1,0,1,1,14
2,1,1,2,1,1,1,1,1,0,1,1,1,1,1,1,0,5
0,0,2,2,1,1,1,1,1,1,1,1,1,0,1,1,1,13
2,1,1,2,1,1,0,1,1,0,1,1,1,1,1,0,0,7
1,1,1,2,1,1,0,1,1,1,1,1,1,1,1,1,1,7
1,0,1,2,0,1,1,1,1,1,1,1,1,1,1,1,1,3
0,0,1,2,0,0,0,1,1,0,0,1,1,1,0,0,0,5
0,0,1,2,0,1,1,1,1,1,1,1,1,1,1,1,1,14
1,0,1,2,0,1,1,1,1,1,1,1,1,1,1,1,0,3
2,0,1,2,1,1,0,1,1,0,1,1,1,1,1,1,0,11
1,0,1,2,0,1,1,1,1,1,1,1,1,1,1,0,1,1
2,0,0,2,1,1,1,1,1,1,1,1,1,1,1,1,0,1
1,1,1,0,0,1,1,1,1,1,1,1,1,1,1,1,1,19
2,0,1,2,1,1,1,0,0,1,1,1,1,1,1,0,0,1
2,1,1,2,0,1,1,0,1,0,1,1,1,1,1,1,1,1
1,0,1,2,0,1,1,1,0,1,0,1,1,1,1,0,0,1
0,0,1,2,1,1,1,1,0,0,1,0,1,1,1,1,0,14
1,1,1,2,1,1,0,0,0,0,1,0,1,1,1,0,0,1
1,1,1,2,1,1,1,0,1,1,1,1,1,1,1,1,1,18
2,1,1,2,0,1,1,0,1,1,1,1,1,1,1,1,1,1
0,1,1,0,0,1,1,1,1,1,1,1,1,0,1,1,0,5
1,1,1,2,1,1,0,0,0,1,1,1,1,1,1,1,0,5
2,1,1,2,1,1,1,1,1,0,1,1,1,1,1,1,0,5
1,1,1,1,0,1,0,1,1,1,1,1,1,1,1,0,1,4
1,1,1,2,1,1,1,1,1,1,1,1,1,1,0,1,1,22
1,1,1,2,1,1,0,0,0,1,1,1,1,0,1,1,1,22
0,1,1,2,0,1,0,0,1,1,1,1,1,1,1,0,1,1
1,1,1,0,1,1,1,0,0,1,1,1,1,1,1,1,1,5
1,1,1,2,1,1,1,1,1,1,1,1,1,1,0,1,1,22
1,0,0,0,1,1,1,1,1,1,1,1,0,1,1,1,1,2
1,1,1,0,0,1,0,1,1,1,1,1,1,1,1,1,1,4
2,1,1,2,1,1,1,1,1,0,1,1,1,1,1,0,0,12
1,0,0,2,0,1,1,0,0,1,1,1,0,0,1,1,1,10
2,1,1,2,1,1,0,0,0,0,1,1,1,1,1,0,0,12
2,1,1,2,1,1,1,1,1,0,1,1,1,1,1,0,0,1
1,0,1,2,1,1,1,1,0,0,1,1,1,1,1,1,1,11
2,1,1,2,1,1,0,1,1,1,1,1,1,1,1,1,1,6
1,1,1,2,1,1,1,1,1,1,1,1,1,1,0,1,1,22
1,0,0,2,1,1,0,1,1,1,1,1,0,1,1,1,1,2
2,1,1,2,1,1,1,1,1,1,1,1,1,1,1,1,0,18
2,1,1,2,1,1,0,1,1,0,0,1,1,0,1,0,1,1
2,1,1,2,1,1,1,1,1,1,1,1,1,1,1,0,0,13
2,1,1,2,1,1,0,0,1,0,1,1,1,1,1,0,0,7
1,1,1,2,1,1,0,0,0,1,1,1,1,1,1,1,1,11
1,0,1,2,1,1,1,1,0,1,1,1,1,1,1,1,1,15
1,0,0,0,1,1,1,1,1,1,1,1,0,1,1,1,1,2
1,0,1,1,0,1,1,1,1,1,1,1,1,1,1,1,1,17
1,1,1,2,1,1,1,0,1,1,1,1,1,1,1,1,1,18
1,1,1,2,1,1,1,1,1,1,1,1,0,0,1,1,1,3
1,0,1,0,1,1,0,0,1,1,1,1,1,1,1,0,0,5
2,0,0,1,1,1,1,1,1,1,1,1,0,1,1,1,1,2
1,1,1,2,1,1,1,1,1,1,0,1,1,1,1,1,1,8
0,0,1,2,1,1,0,1,1,1,1,1,1,1,1,1,1,1
2,0,1,2,1,1,0,1,1,1,1,1,1,0,1,1,1,5
2,1,1,2,1,1,1,1,0,0,1,1,1,1,1,1,1,11
1,1,1,2,1,1,1,0,0,0,1,1,1,1,1,1,0,11
2,0,0,2,1,1,0,1,1,0,1,1,1,1,1,0,0,3
2,1,1,2,1,1,1,0,1,0,1,1,1,0,1,0,1,1
1,0,1,2,0,1,1,1,1,1,1,0,1,1,1,1,1,1
1,1,1,2,1,1,1,1,0,1,1,1,1,1,1,1,1,18
1,1,1,2,1,1,1,1,0,0,1,1,1,1,1,0,0,19
2,1,1,2,1,1,0,1,1,0,1,1,1,1,1,0,0,11
1,1,1,0,1,1,1,1,0,1,1,1,1,1,1,1,1,18
2,0,1,0,1,1,1,1,0,1,1,1,1,1,1,1,0,5
1,0,1,2,1,1,1,1,0,0,1,1,1,1,1,0,1,1
1,0,1,2,0,1,0,1,1,1,1,1,1,1,1,1,1,4
1,1,1,2,1,1,1,1,1,0,1,1,1,0,1,0,1,1
2,1,1,2,1,1,1,1,1,0,1,1,1,1,1,1,1,12
2,1,1,2,1,1,1,1,1,0,1,1,1,1,1,1,1,7
1,0,1,2,1,1,1,1,1,0,1,1,1,1,1,1,0,5
2,0,1,0,1,1,1,1,0,0,1,1,1,1,1,1,0,11
1,0,0,2,0,1,1,1,1,1,1,1,1,1,1,1,1,1
0,0,0,1,1,1,1,1,1,1,1,1,0,1,1,1,1,2
2,0,1,2,1,1,1,0,0,0,1,1,1,1,1,1,0,8
1,1,1,0,1,1,1,0,0,1,1,1,1,0,1,1,1,5
1,1,1,2,1,1,0,1,1,1,1,1,1,1,1,0,0,7
1,1,1,2,1,1,1,1,0,1,1,1,1,1,1,1,0,18
1,0,0,0,1,1,1,1,1,1,1,1,0,1,1,1,1,1
1,1,1,2,1,1,1,1,1,1,1,1,1,1,0,1,1,22
2,1,1,2,1,1,1,0,0,1,1,1,1,1,1,1,0,14
2,1,0,2,1,1,1,1,1,1,1,1,1,1,1,0,1,1
1,0,1,2,1,1,1,1,1,1,1,1,1,1,1,1,0,5
1,1,1,2,1,1,1,1,1,1,1,1,1,1,0,1,1,22
1,1,1,0,1,1,1,1,1,1,1,1,1,1,1,0,1,4
1,1,1,2,1,1,1,1,0,0,1,1,1,0,1,0,0,18
1,1,1,2,0,0,1,1,0,0,1,1,1,1,0,1,1,22
2,1,1,2,1,1,0,1,1,1,1,1,1,1,1,1,1,14
2,1,0,2,0,1,0,1,1,1,1,1,1,0,1,1,1,1
1,0,1,0,0,1,1,1,1,1,1,1,1,1,1,1,1,14
2,0,1,2,1,1,1,1,1,1,0,1,1,1,1,0,0,1
1,1,1,2,1,1,0,1,0,0,1,1,1,1,1,1,0,14
1,0,1,2,0,1,1,1,1,1,1,1,1,1,1,1,1,17
2,1,0,2,1,1,1,0,0,1,1,1,1,1,1,1,1,1
1,0,1,2,1,1,0,1,1,0,1,1,1,0,0,0,1,1
1,1,1,2,1,1,0,1,1,0,1,1,1,1,1,0,0,20
1,1,1,2,1,1,1,1,1,1,1,1,1,1,0,1,1,22
1,0,1,0,0,1,1,1,1,1,1,1,1,1,1,1,1,4
1,1,1,0,1,1,1,1,0,1,1,0,1,1,1,1,1,18
1,0,1,0,1,1,1,1,1,0,1,1,1,1,1,1,1,5
1,0,1,2,1,1,1,0,0,1,1,1,1,1,1,0,0,1
1,1,1,2,0,1,1,1,1,1,1,0,1,1,1,1,1,1
1,1,1,2,1,1,1,1,1,1,1,1,0,1,1,1,1,2
2,0,0,1,1,1,1,1,1,1,1,1,0,1,1,1,1,2
1,1,1,2,1,1,1,1,0,0,1,1,1,1,1,1,1,18
1,0,1,2,1,1,0,0,1,1,1,1,1,1,1,0,0,13
1,0,1,2,0,1,1,1,1,1,1,1,1,1,1,1,1,14
1,0,1,2,1,1,1,1,1,1,1,0,1,1,1,1,1,1
1,1,1,2,1,1,1,1,1,0,1,1,1,1,1,1,1,18
1,0,1,1,1,1,0,1,1,1,1,1,0,0,0,0,1,4
2,0,0,0,1,1,1,1,1,1,1,1,0,0,1,1,1,2
2,1,1,2,1,1,1,1,1,1,1,1,1,1,1,1,0,7
1,1,0,2,0,1,0,1,0,0,1,1,1,1,1,1,0,21
1,1,1,2,1,1,1,1,1,1,1,1,1,0,1,1,1,1
2,0,0,2,1,1,1,1,1,1,1,1,0,1,1,1,1,2
2,1,1,2,1,1,0,1,1,1,1,1,1,1,1,0,0,14
1,1,1,2,1,1,0,1,0,0,1,1,1,1,1,0,1,1
2,1,1,2,1,1,1,1,1,1,1,1,1,1,1,1,0,12
2,1,1,1,1,1,1,1,0,1,1,1,1,1,1,1,1,11
1,1,1,0,1,1,1,1,0,0,1,1,1,1,1,1,0,5
1,0,1,0,1,1,1,1,0,1,1,1,1,1,1,1,1,7
1,1,1,2,1,1,1,1,1,1,1,1,1,0,1,1,1,5
2,1,1,2,1,1,1,1,1,0,1,1,1,1,1,1,0,12
1,0,1,2,1,1,0,1,0,0,1,1,1,1,1,0,0,11
2,0,1,2,1,1,1,1,1,0,1,1,1,1,1,0,0,1
2,0,1,2,1,1,1,0,0,1,1,1,0,1,1,0,0,15
1,0,1,2,0,1,1,1,1,1,1,1,1,1,1,0,1,14
2,1,1,2,1,1,0,0,0,1,1,1,1,1,1,1,0,19
1,0,0,0,1,1,1,1,1,1,1,1,0,1,1,1,1,2
1,1,1,2,1,1,1,1,0,1,1,1,1,1,1,1,0,5
1,0,1,0,0,1,1,1,1,1,1,1,0,0,1,0,1,17
1,1,1,0,1,1,1,1,0,1,1,1,1,1,1,1,1,18
1,0,0,2,0,1,1,1,1,1,1,0,1,1,0,1,1,1
1,1,1,0,1,1,1,0,0,1,1,1,1,1,1,1,1,18
1,1,1,2,0,1,0,0,0,0,0,1,1,1,1,1,0,12
1,1,1,0,1,1,1,0,0,1,1,1,1,1,1,1,1,18
