data set name:vote
vote
num value:vote
2,2,2,2,2,2,2,2,2,2,2,2,2,2,2,2,2,vote
0,1,0,1,1,1,0,0,0,1,0,1,1,1,0,1,2
0,1,0,1,1,1,0,0,0,0,0,1,1,1,0,1,2
0,1,1,0,1,1,0,0,0,0,1,0,1,1,0,0,1
0,1,1,0,1,1,0,0,0,0,1,0,1,0,0,1,1
1,1,1,0,1,1,0,0,0,0,1,0,1,1,1,1,1
0,1,1,0,1,1,0,0,0,0,0,0,1,1,1,1,1
0,1,0,1,1,1,0,0,0,0,0,0,1,1,1,1,1
0,1,0,1,1,1,0,0,0,0,0,0,1,1,0,1,2
0,1,0,1,1,1,0,0,0,0,0,1,1,1,0,1,2
1,1,1,0,0,0,1,1,1,0,0,0,0,0,0,1,1
0,1,0,1,1,0,0,0,0,0,0,0,1,1,0,0,2
0,1,0,1,1,1,0,0,0,0,1,0,1,1,0,1,2
0,1,1,0,0,0,1,1,1,0,0,0,1,0,0,1,1
1,1,1,0,0,1,1,1,1,1,1,0,0,0,1,1,1
0,1,0,1,1,1,0,0,0,0,0,1,1,1,0,1,2
0,1,0,1,1,1,0,0,0,1,0,1,1,1,0,1,2
1,0,1,0,0,1,0,1,1,1,1,1,1,0,0,1,1
1,1,1,0,0,0,1,1,1,0,0,0,1,0,1,1,1
0,1,0,1,1,1,0,0,0,0,0,0,1,1,0,0,2
1,1,1,0,0,0,1,1,1,0,1,0,0,0,1,1,1
1,1,1,0,0,1,1,1,0,0,1,0,0,0,1,1,1
1,1,1,0,0,0,1,1,1,0,0,0,1,1,1,1,1
1,1,1,0,0,0,1,1,1,0,0,0,0,0,1,1,1
1,1,1,0,0,0,1,1,1,0,0,0,0,0,1,1,1
1,0,1,0,0,0,1,1,1,0,0,0,0,0,1,1,1
1,0,1,0,0,0,1,1,1,1,0,0,0,0,1,1,1
1,0,1,0,0,0,1,1,1,0,1,0,0,0,1,1,1
1,1,1,0,0,0,1,1,1,0,1,0,0,0,1,1,1
1,0,0,1,1,0,1,1,1,0,0,1,1,1,0,1,2
1,1,1,0,0,0,1,1,1,0,1,0,0,0,1,1,1
0,1,0,1,1,1,0,0,0,0,0,1,1,1,0,0,2
1,1,1,0,0,0,1,1,1,0,1,0,0,0,1,1,1
1,1,1,0,0,0,1,1,1,1,0,0,1,0,1,1,1
0,1,0,1,1,1,0,0,0,0,0,1,1,1,0,1,2
1,1,1,0,0,0,1,1,1,0,0,0,0,0,1,1,1
0,1,0,1,1,1,0,0,0,0,0,1,1,1,0,0,2
1,1,0,1,1,1,0,0,0,1,0,1,1,1,0,1,2
1,1,0,1,1,1,0,0,0,0,0,0,1,1,0,1,2
0,1,0,1,1,1,0,0,0,1,0,1,1,1,0,0,2
1,0,1,0,0,0,1,1,1,1,1,0,1,0,1,1,1
1,1,1,0,0,0,1,1,1,0,0,0,0,0,0,1,1
1,1,1,0,0,0,1,1,1,0,0,0,0,0,1,1,1
1,0,1,0,0,0,1,1,1,0,0,0,0,0,0,1,1
1,0,1,0,0,0,1,1,1,0,0,0,0,0,1,1,1
1,1,1,0,0,0,1,1,1,0,1,0,0,0,0,1,1
1,1,1,0,0,0,1,1,1,0,1,0,0,0,1,1,1
1,1,1,0,0,0,1,1,1,0,0,0,0,0,0,1,1
1,0,1,0,0,0,1,1,1,0,0,0,0,0,0,1,1
1,1,1,0,0,0,1,1,0,0,0,0,0,1,0,1,1
0,1,0,1,1,1,0,0,0,0,0,1,1,1,0,0,2
1,1,1,0,0,0,1,1,1,0,1,0,0,0,1,1,1
0,1,0,1,1,1,0,1,0,0,0,1,1,1,0,1,2
1,1,1,0,0,0,1,1,1,0,0,0,0,0,0,1,1
1,1,0,1,1,1,0,0,0,1,0,1,1,1,0,0,2
1,1,1,0,0,1,1,1,0,0,1,1,0,1,0,1,1
0,1,0,1,1,1,0,0,0,1,1,1,1,1,0,0,2
0,1,0,1,1,1,0,0,0,1,1,1,1,1,0,1,2
0,1,0,1,1,1,0,0,0,1,0,1,1,1,0,1,2
0,1,0,1,1,1,0,0,0,1,0,1,1,1,0,1,2
0,1,0,1,1,1,0,0,0,1,0,1,1,1,0,1,2
1,1,1,0,0,1,1,1,1,1,0,0,0,0,1,1,1
0,1,0,1,1,1,0,0,0,0,0,1,1,1,0,0,2
1,1,1,0,0,0,1,1,1,0,0,0,0,0,0,1,1
1,1,1,0,0,0,1,1,1,0,1,0,0,0,0,1,1
1,1,1,0,0,0,1,1,1,0,1,0,0,0,0,1,1
1,1,0,1,1,1,1,0,0,0,0,1,1,1,0,1,2
0,1,0,1,1,1,1,0,0,0,1,1,1,1,0,1,2
0,1,0,1,1,1,0,0,0,1,0,1,1,1,0,0,2
1,1,1,0,0,0,1,1,1,0,0,0,1,0,1,1,1
1,1,1,0,0,0,1,1,1,0,0,0,0,0,1,1,1
1,0,1,0,0,0,1,1,1,0,0,0,1,0,1,1,1
1,1,1,1,0,0,1,1,1,1,1,0,0,1,0,1,2
1,1,1,0,0,0,1,1,1,0,1,0,0,0,1,1,1
1,0,1,1,1,0,1,0,1,1,0,0,1,1,0,1,2
1,0,1,0,0,1,1,1,1,1,1,0,0,1,1,1,1
0,1,1,1,1,1,0,0,0,1,1,0,1,1,0,0,1
0,1,1,0,1,1,0,0,0,1,1,1,1,1,0,1,1
0,1,1,1,1,1,0,1,1,1,1,1,1,1,0,1,1
1,1,1,0,1,1,0,0,0,1,1,0,1,1,0,1,1
0,0,0,1,1,0,0,0,0,1,0,1,1,1,0,0,2
1,0,1,0,0,1,1,1,1,1,0,1,0,1,0,1,1
1,0,1,0,0,0,1,1,1,1,1,1,0,1,0,1,1
0,0,0,1,1,1,0,0,0,1,0,1,1,1,0,1,2
0,0,0,1,1,1,0,0,0,0,0,1,1,1,0,0,2
0,1,0,1,1,1,0,0,0,1,0,1,1,1,0,0,2
0,0,1,0,1,1,0,0,0,1,1,1,1,1,0,1,1
0,0,0,1,1,1,0,0,0,1,0,1,1,1,0,0,2
0,0,0,1,1,1,0,0,0,0,0,1,1,1,0,0,2
0,1,1,0,1,1,1,0,1,1,1,0,1,1,0,1,1
0,0,0,1,1,1,0,0,0,1,0,0,1,1,0,1,2
1,0,1,0,0,0,1,1,1,1,0,0,0,0,1,1,1
1,0,1,0,0,0,1,1,1,1,1,0,0,0,1,1,1
1,1,1,0,0,0,1,1,0,1,1,0,0,1,1,1,1
1,0,1,0,0,0,1,0,1,1,1,0,0,0,1,1,1
1,0,1,0,1,1,0,0,0,0,0,0,0,0,0,1,1
1,0,1,0,1,1,0,1,1,0,1,0,1,1,1,1,1
0,0,1,0,1,1,0,0,0,0,1,1,1,1,0,1,1
1,0,0,0,1,1,1,0,0,1,1,0,0,1,0,1,1
1,1,1,0,0,1,1,1,1,1,0,0,0,0,0,1,1
0,0,0,1,1,1,0,0,0,1,0,1,1,1,0,0,2
1,0,0,0,1,1,0,0,0,0,1,1,0,1,0,1,1
1,0,1,0,1,1,1,0,0,0,1,0,0,1,0,1,1
1,0,1,0,1,1,1,0,1,0,1,0,1,1,1,1,1
1,0,0,0,1,1,1,0,1,0,0,0,0,1,0,0,1
0,1,1,0,0,1,1,1,1,1,0,0,1,1,0,1,1
1,1,1,0,0,0,0,1,1,0,1,0,0,0,1,1,1
0,1,0,1,1,1,0,0,0,0,0,1,1,1,0,1,2
0,1,1,0,1,1,1,1,1,1,0,0,1,1,0,1,2
1,1,1,0,0,0,1,1,1,0,0,0,0,0,1,1,1
1,1,1,0,0,0,1,1,1,0,0,0,0,0,1,1,1
0,0,1,0,0,0,1,1,1,1,0,0,0,0,1,1,1
0,1,0,1,1,1,0,0,0,1,0,1,1,1,0,1,2
0,1,1,0,0,1,1,1,0,1,0,0,0,0,1,1,1
0,1,0,1,1,1,0,0,0,1,0,1,1,1,0,0,2
1,1,1,0,0,0,1,1,1,0,0,0,0,0,1,1,1
0,1,1,0,1,1,1,1,1,1,0,0,0,0,1,1,1
1,0,1,0,0,0,1,1,1,0,1,0,0,0,1,1,1
1,1,1,1,1,0,1,0,0,0,0,1,1,1,0,1,2
0,1,1,0,0,0,0,1,1,1,1,0,0,0,1,1,1
0,0,0,1,1,1,0,0,0,0,0,1,1,1,0,0,2
0,1,1,1,1,1,0,0,0,1,0,1,1,1,0,1,2
0,1,0,1,1,1,0,0,0,1,0,1,1,1,0,1,2
0,0,0,1,1,1,0,0,0,1,0,1,0,1,0,1,2
1,1,0,1,1,1,0,1,0,0,0,1,1,1,0,1,2
0,1,1,0,0,0,1,1,1,0,0,0,0,0,1,1,1
0,1,0,1,1,1,0,0,0,1,0,1,1,1,0,1,2
0,1,0,1,1,1,0,0,0,0,0,1,1,1,0,0,2
0,1,1,0,0,0,1,1,1,1,1,0,0,1,1,1,1
0,1,1,0,0,1,0,1,0,1,1,0,0,0,1,1,1
0,1,1,0,0,0,1,1,1,0,0,0,1,1,0,1,1
1,1,1,0,1,1,1,1,1,0,0,0,0,0,1,1,1
0,0,1,0,0,1,0,1,1,1,0,0,0,1,0,1,1
0,0,0,1,1,1,0,0,0,1,0,1,1,1,0,1,2
0,0,0,1,1,1,0,0,0,1,0,1,1,1,0,1,2
0,0,0,1,1,1,0,0,0,0,0,1,1,1,0,1,2
0,0,0,1,1,1,0,0,0,1,0,1,1,1,0,0,2
0,1,0,1,1,1,0,0,0,1,1,1,1,0,0,1,2
0,1,1,0,0,1,1,1,1,1,0,0,0,1,1,1,1
0,0,1,0,0,1,1,1,1,1,0,0,0,1,0,1,1
1,0,1,0,0,1,1,1,1,0,0,0,0,0,1,1,1
0,0,0,1,0,0,1,1,1,1,0,0,1,1,0,1,2
0,0,0,1,1,1,1,1,1,1,0,1,1,1,0,1,2
0,0,0,1,1,1,1,1,1,1,0,1,1,1,0,1,2
0,1,0,0,0,0,1,1,1,1,1,0,0,1,1,1,1
0,1,0,0,0,1,1,1,1,1,0,0,0,1,0,1,1
0,0,1,0,0,1,1,1,1,1,0,0,0,1,0,1,1
0,1,0,1,1,1,0,0,0,0,0,1,1,1,0,1,2
0,0,0,0,0,0,1,1,1,1,0,1,1,1,1,1,1
0,1,0,1,1,1,0,0,0,1,1,1,1,1,0,1,2
0,0,1,0,0,0,1,1,1,1,0,0,1,0,1,1,1
1,1,0,1,1,1,0,0,0,1,0,1,1,1,0,1,2
1,1,1,1,1,1,0,0,1,0,1,0,1,1,0,0,1
0,1,1,0,0,1,0,1,1,1,1,0,1,0,1,1,1
0,0,1,0,0,1,1,1,1,1,1,0,1,1,0,1,1
0,1,0,1,1,1,0,0,0,0,0,1,1,1,0,0,2
1,1,0,1,1,1,0,1,0,0,1,1,1,1,0,0,2
1,1,0,1,1,1,1,0,0,0,0,1,1,1,0,0,2
0,1,1,0,0,1,0,1,1,0,1,0,1,1,0,1,1
0,1,0,1,1,1,0,0,0,1,0,1,1,1,0,0,2
0,1,1,0,1,1,1,1,1,1,1,0,0,1,0,1,1
0,1,0,0,1,1,0,0,0,0,0,1,1,1,1,1,1
0,0,0,0,1,1,1,0,0,0,0,1,1,1,0,1,1
0,1,1,0,1,1,1,0,0,0,1,1,1,1,0,1,1
0,1,0,1,1,1,1,0,0,0,0,1,1,1,0,1,2
1,1,0,0,1,1,0,0,0,1,1,1,1,1,0,1,1
0,1,1,0,0,1,1,1,1,1,1,0,1,0,1,1,1
1,0,1,1,1,1,1,1,0,1,0,1,0,1,1,1,2
1,0,1,1,1,1,1,1,0,1,1,1,0,1,1,1,2
0,0,1,1,1,1,0,0,1,0,0,0,1,1,1,1,1
1,0,1,0,0,0,1,1,1,1,1,0,0,1,0,1,1
1,0,1,0,0,0,1,1,1,1,0,0,0,0,1,1,1
0,1,0,1,1,1,0,0,0,1,0,1,1,1,0,1,2
0,1,1,0,0,0,1,1,1,1,0,0,1,0,1,1,1
0,0,0,0,1,1,0,0,0,1,1,1,1,1,0,1,1
1,1,1,0,0,0,1,1,1,0,0,0,0,0,1,1,1
0,1,1,0,0,0,1,1,1,1,0,0,0,0,1,1,1
0,0,1,1,0,0,1,1,1,1,0,0,0,1,1,1,2
0,0,1,0,0,0,1,1,1,1,1,0,0,0,1,1,1
0,0,1,0,0,0,1,1,1,1,1,0,0,0,1,1,1
1,0,1,0,0,0,1,1,1,1,0,0,0,0,1,1,1
0,1,1,0,0,0,1,1,1,1,0,0,0,0,0,1,1
0,0,1,0,0,0,1,1,1,1,1,0,0,0,1,1,1
1,1,1,0,0,0,1,1,1,0,0,0,0,0,1,1,1
0,1,1,0,1,1,1,1,1,1,0,0,1,1,0,1,1
0,0,1,0,0,0,1,1,1,1,1,0,0,0,1,1,1
1,0,1,0,0,0,1,1,1,1,0,0,0,0,1,1,1
0,1,1,0,0,0,1,1,1,1,1,0,0,0,1,1,1
1,0,1,0,0,0,1,1,1,0,0,0,0,0,1,1,1
1,1,0,1,1,1,1,1,0,0,0,1,1,1,0,1,2
1,0,1,0,0,0,1,1,1,0,0,0,0,0,1,1,1
0,1,0,1,1,1,0,0,0,0,0,1,1,1,0,1,2
0,1,0,1,1,1,0,1,0,1,0,1,1,1,0,1,2
0,0,0,0,0,1,1,1,1,0,1,0,0,1,1,1,1
0,0,1,0,0,0,1,1,1,0,0,0,0,0,1,1,1
0,0,1,0,0,1,1,1,1,1,1,0,0,0,1,1,1
0,0,0,1,1,1,0,0,0,0,0,1,1,1,0,1,2
0,0,1,0,0,1,1,1,1,0,1,1,0,1,1,1,1
0,1,1,1,1,1,0,0,0,1,0,0,0,1,0,1,2
0,0,1,0,0,0,1,1,1,1,1,0,1,0,1,1,1
1,1,0,0,0,0,1,1,1,0,1,0,0,0,1,1,1
0,0,1,0,0,0,1,1,1,0,0,0,0,1,1,1,1
1,1,1,0,0,0,1,1,1,0,0,0,0,0,1,1,1
1,0,1,0,0,1,1,1,1,1,1,0,0,0,1,1,1
1,0,1,0,0,0,1,1,1,1,0,0,0,0,1,1,1
0,0,1,1,1,1,1,0,0,0,0,1,1,1,0,1,2
0,0,1,0,0,1,1,1,1,1,0,1,0,0,0,1,1
0,0,0,1,1,1,0,0,0,1,0,1,0,1,0,1,2
1,1,0,1,1,1,1,0,0,1,0,1,1,1,0,1,2
0,0,1,0,0,0,1,1,1,0,0,0,0,0,1,1,1
1,1,1,0,0,0,1,1,1,1,1,0,0,0,0,1,1
0,0,1,0,0,1,1,1,1,0,0,0,0,0,1,1,1
0,1,0,1,1,1,0,0,0,1,0,1,1,1,0,1,2
0,0,1,0,0,0,1,1,1,0,1,0,0,0,1,1,1
0,1,1,0,0,1,0,1,1,0,1,0,1,0,1,1,1
1,1,0,1,1,1,0,0,0,1,0,1,1,1,0,1,2
0,1,1,1,1,1,0,0,0,1,1,1,1,1,1,1,1
1,1,1,0,1,1,0,0,1,1,0,0,0,1,1,1,1
0,1,0,1,1,1,0,0,0,1,0,1,1,1,0,0,2
1,1,1,0,0,0,1,1,1,0,0,0,0,0,1,1,1
0,1,1,0,0,0,0,1,1,0,1,0,0,1,1,1,1
0,0,1,0,0,0,1,1,1,0,0,0,0,0,1,1,1
0,1,1,0,1,1,0,0,0,0,1,0,0,0,1,1,1
1,0,1,0,0,0,1,1,1,0,1,0,0,0,1,1,1
0,0,0,1,1,0,0,0,0,0,0,1,1,1,0,1,2
0,1,0,1,1,1,0,0,0,1,0,0,1,1,0,0,2
0,1,0,1,1,1,0,0,0,0,0,1,1,1,0,1,2
0,0,1,0,0,1,1,1,1,0,1,0,0,1,1,1,1
1,0,1,0,0,0,1,1,1,0,0,0,0,0,0,1,1
0,1,0,1,1,1,0,0,0,0,0,1,1,1,0,1,2
0,1,1,1,1,1,1,0,1,1,0,1,1,1,0,1,2
0,1,0,1,1,1,0,0,0,0,0,1,1,1,0,1,2
0,1,0,1,1,1,0,0,1,1,0,1,1,1,0,1,2
0,1,1,0,0,0,1,1,0,0,1,0,0,0,1,1,1
0,1,0,1,1,1,0,0,0,1,0,1,1,1,0,1,2
0,0,1,0,0,1,1,1,1,1,0,1,0,1,1,1,1
0,0,0,1,1,1,0,0,0,1,0,1,0,1,0,1,2
0,0,1,0,0,0,1,1,1,0,0,0,0,0,1,1,1
1,0,1,0,0,1,1,1,0,0,0,1,1,0,0,1,1
1,1,1,0,0,0,1,1,1,1,0,0,0,0,1,1,1
0,0,0,1,1,1,1,0,0,1,0,0,0,1,1,1,2
0,0,0,1,0,1,1,1,1,0,0,1,1,1,0,1,2
1,0,1,0,0,0,1,1,1,1,1,0,0,1,1,1,1
0,0,0,0,1,1,1,0,0,0,0,0,0,1,1,1,2
0,1,1,0,0,0,1,1,1,1,0,0,1,0,1,1,1
1,0,1,0,0,0,0,1,1,1,0,0,0,0,1,1,1
1,0,1,0,0,0,1,1,1,1,1,0,0,0,1,1,1
0,0,1,0,1,0,1,1,1,0,0,0,0,1,0,1,1
0,1,0,1,1,1,1,0,0,0,0,0,1,1,0,0,2
0,1,1,0,1,1,1,1,1,1,0,0,1,1,0,1,2
1,0,1,0,0,0,1,1,1,0,1,0,0,0,1,1,1
0,1,0,1,1,1,0,0,0,0,0,1,1,1,0,0,2
0,1,0,1,1,1,0,0,0,0,0,1,1,1,0,0,2
1,1,1,0,0,1,1,1,1,0,0,0,0,0,1,1,1
0,1,0,1,1,1,0,0,0,0,0,1,1,1,0,1,2
1,0,1,0,0,0,1,1,1,1,0,0,0,0,0,1,1
1,0,1,0,0,0,1,1,1,1,0,0,0,1,1,1,1
0,0,0,1,1,0,0,0,0,0,0,1,0,1,0,0,2
0,0,0,1,1,0,0,0,0,0,0,1,0,1,0,1,2
0,0,1,0,0,0,1,1,1,0,1,0,0,0,1,1,1
1,0,1,0,0,0,1,1,1,0,0,0,0,0,0,1,1
1,0,1,0,0,0,1,1,1,1,0,0,0,0,0,1,1
1,0,1,0,0,1,1,1,1,0,0,0,0,1,0,1,1
1,0,1,0,0,0,1,1,1,1,0,0,1,0,1,1,1
1,0,1,0,0,0,1,1,1,0,0,0,0,0,1,1,1
1,0,1,0,0,0,1,1,1,0,0,0,0,0,1,1,1
1,0,1,0,0,0,1,1,1,1,0,0,0,0,0,1,1
0,0,0,1,1,1,0,0,0,1,0,1,0,1,0,1,2
1,0,0,0,0,0,1,1,1,1,0,0,0,1,0,1,2
1,0,1,0,0,0,1,1,1,0,0,0,0,0,1,1,1
1,0,1,0,0,0,1,1,1,0,0,0,0,0,0,1,1
1,1,1,0,0,0,1,1,1,0,0,0,0,0,1,1,1
0,1,1,0,0,1,1,1,1,0,0,0,0,0,0,1,1
1,0,1,0,0,0,1,1,1,1,0,0,0,0,1,1,1
0,0,0,1,1,0,1,1,0,1,0,1,1,1,0,1,2
1,0,0,1,1,0,1,0,0,1,0,0,0,1,1,1,2
0,0,1,0,1,1,0,0,0,0,0,0,1,1,0,0,1
0,0,0,1,1,1,0,0,0,0,0,1,1,1,1,0,2
0,0,1,1,1,1,1,1,0,1,0,0,0,1,0,1,2
0,0,0,1,1,1,0,0,0,0,0,1,1,1,0,1,2
0,0,0,1,1,1,0,0,0,1,0,1,1,1,0,0,2
0,0,1,0,0,0,1,1,1,1,0,0,0,1,0,1,1
1,0,1,1,1,1,1,1,0,0,0,0,0,1,0,1,2
1,0,0,1,1,1,0,0,0,1,0,0,1,1,0,0,2
0,0,0,1,1,1,0,0,0,0,0,1,1,1,0,1,2
0,0,1,0,0,1,1,1,1,1,1,0,0,0,0,1,1
0,0,1,0,0,1,1,1,1,1,1,0,0,0,1,1,1
0,0,1,0,0,1,1,1,1,1,1,1,0,1,1,1,1
1,1,1,0,0,1,1,1,1,0,1,0,1,0,0,1,1
1,1,1,0,1,1,0,1,0,1,1,0,1,1,1,1,1
1,1,1,0,1,1,0,1,0,1,1,0,1,1,0,1,1
1,0,1,0,1,1,1,1,1,1,0,0,1,1,0,1,1
1,0,1,0,0,1,1,1,1,1,0,0,0,1,0,1,1
1,0,1,0,0,1,1,1,0,1,1,0,1,1,1,1,1
1,1,1,0,0,1,1,1,1,1,1,0,1,1,1,1,1
0,1,1,0,0,1,1,1,0,1,1,0,1,1,0,1,1
0,1,0,1,1,1,1,1,0,1,0,1,1,1,0,1,2
0,0,1,1,1,1,0,0,0,1,0,1,1,1,1,1,2
1,1,1,0,0,1,1,1,1,1,0,0,1,0,1,1,1
0,1,0,0,0,0,1,1,1,1,1,0,0,0,1,1,1
0,1,1,0,0,1,1,1,1,1,0,0,1,1,1,1,1
0,0,0,1,1,0,1,1,1,1,0,1,1,1,0,1,2
0,0,1,0,0,1,1,1,1,0,0,0,0,0,1,1,1
0,0,0,1,1,1,1,0,0,1,0,1,1,1,0,1,2
0,0,0,1,1,1,0,0,0,0,0,1,1,1,0,0,2
0,1,0,1,1,1,0,0,0,1,0,1,1,1,0,1,2
0,0,0,1,1,1,0,0,0,1,0,1,1,1,0,0,2
0,0,0,1,1,1,0,0,0,0,0,1,1,1,0,0,2
1,0,1,0,0,1,1,1,1,0,0,0,0,1,0,1,1
0,0,0,1,1,1,0,0,0,1,0,1,1,1,0,0,2
1,0,0,0,0,1,1,1,1,1,0,0,0,1,1,1,1
0,0,0,1,1,1,0,0,0,1,0,1,1,1,1,0,2
0,0,1,0,0,1,1,1,1,1,0,0,1,0,0,1,1
1,1,1,0,0,0,1,1,1,1,0,0,0,0,1,1,1
0,1,1,1,1,1,0,0,0,1,0,1,1,1,0,1,2
0,1,0,1,1,1,1,1,0,0,1,1,1,1,1,1,2
0,1,1,1,1,1,1,1,0,0,0,0,1,1,1,1,2
0,0,0,0,0,1,0,1,1,0,1,1,1,1,1,0,1
1,0,0,0,0,0,1,1,1,1,0,0,0,0,1,1,1
0,0,1,0,0,0,1,1,1,0,0,0,0,0,1,1,1
1,0,1,0,0,0,1,1,1,0,0,0,0,0,1,1,1
0,1,1,0,0,1,0,1,1,1,0,0,1,1,0,1,1
1,1,1,0,0,0,1,1,1,1,0,0,1,0,0,1,1
1,1,1,0,1,1,0,1,0,0,1,0,1,1,0,1,1
1,1,1,0,1,1,0,1,1,1,0,0,1,1,0,1,1
0,1,0,1,1,1,0,0,0,0,1,1,1,1,0,0,2
0,1,0,0,1,1,0,0,1,0,0,1,1,1,0,1,1
1,1,0,1,0,0,1,1,1,0,1,0,0,1,0,1,1
0,1,0,1,1,1,0,0,0,0,0,1,1,1,0,1,2
1,1,1,0,0,0,1,1,1,0,1,0,0,0,0,1,1
1,1,1,0,0,1,1,1,1,1,0,0,0,0,1,1,1
0,1,0,1,1,1,0,0,0,1,0,1,1,1,0,0,2
1,1,1,0,0,0,1,1,1,0,0,0,0,0,1,1,1
1,0,1,0,0,0,1,1,1,0,1,0,0,0,1,1,1
0,0,1,0,0,0,1,1,1,0,0,0,0,0,1,1,1
0,1,1,0,0,1,1,1,1,0,1,1,0,0,1,1,1
0,0,0,1,1,1,0,0,0,1,1,1,1,1,0,1,2
0,0,1,0,0,1,1,1,0,0,1,0,0,1,0,1,1
1,0,1,0,0,0,1,1,1,0,0,0,0,0,1,1,1
1,0,1,0,0,0,1,1,1,1,0,0,0,1,1,1,1
1,0,0,1,1,1,0,0,0,0,1,1,1,1,0,0,2
0,0,0,1,1,1,0,0,0,1,1,1,0,1,0,1,2
0,1,1,0,0,1,1,1,1,1,1,0,1,1,1,1,1
0,1,1,0,1,1,1,0,0,1,1,0,1,0,1,1,1
0,0,0,1,1,0,1,0,1,1,0,0,0,1,0,1,2
0,0,1,0,0,0,1,1,1,1,1,0,0,0,1,1,1
0,0,0,1,1,1,1,0,0,1,0,1,0,1,1,1,2
0,0,0,1,1,1,0,0,0,1,0,1,1,1,0,1,2
1,0,0,1,1,1,0,0,0,1,0,1,1,1,0,0,2
1,0,1,0,0,0,1,1,1,1,0,1,0,0,1,1,1
0,1,1,1,1,1,1,1,1,0,0,1,1,1,0,1,2
0,1,0,0,0,1,1,0,1,0,1,0,0,0,1,1,1
0,0,1,1,1,1,1,1,1,1,0,1,1,1,1,1,2
0,1,0,1,0,1,1,1,1,0,1,0,1,0,1,1,1
0,0,1,1,1,1,1,0,0,1,1,1,1,1,0,1,2
0,1,1,0,0,1,1,1,1,1,0,0,0,0,1,1,1
1,0,1,1,0,0,0,1,1,1,0,0,0,1,1,1,2
0,0,0,1,1,1,0,0,0,0,0,1,1,1,0,0,2
0,0,0,1,1,1,0,0,0,0,0,1,1,1,0,0,2
1,1,1,0,0,1,1,1,1,1,1,1,1,1,0,1,1
0,0,0,1,1,1,0,0,0,1,0,1,1,1,0,1,2
1,0,1,0,0,1,1,1,1,1,0,0,1,0,0,1,1
1,0,1,0,1,1,1,0,1,1,0,0,1,1,0,1,1
1,1,1,0,0,1,1,1,1,1,1,1,1,0,0,1,1
1,1,0,1,1,1,0,0,0,1,1,0,1,0,0,0,2
1,1,0,1,1,1,0,0,0,0,1,0,1,1,0,1,2
0,1,0,0,1,1,0,0,0,1,1,0,1,1,0,0,1
1,0,1,0,0,0,1,1,0,1,1,0,0,0,0,1,1
1,1,1,0,1,1,1,1,0,1,1,0,0,0,1,1,1
0,1,1,0,0,1,1,1,0,1,0,0,0,0,1,1,1
0,1,0,1,1,1,0,0,0,0,0,0,1,1,0,1,2
1,1,1,0,1,1,1,1,0,1,0,0,0,0,1,1,1
1,1,1,0,1,0,1,1,1,1,0,0,0,0,1,1,1
0,1,1,1,1,1,0,0,0,0,1,1,1,1,0,0,1
0,1,1,0,1,1,0,1,0,1,0,0,1,1,0,1,1
0,1,0,1,1,1,0,0,0,0,0,1,1,1,0,1,2
0,1,0,1,1,1,0,0,0,0,1,1,0,1,0,0,1
1,1,1,0,0,0,1,1,1,0,1,0,0,0,1,1,1
0,1,0,1,1,1,1,1,0,0,0,0,1,1,0,1,2
0,0,0,1,1,1,0,0,0,0,0,1,1,1,0,1,2
0,0,0,1,1,1,0,0,0,0,0,1,1,1,0,1,2
1,1,1,0,0,1,1,1,1,0,1,0,1,0,1,1,1
1,1,1,0,1,1,1,1,1,1,1,0,1,1,0,1,1
1,1,0,1,1,1,0,0,0,0,1,0,1,1,0,1,1
1,1,1,0,1,1,0,1,1,1,1,0,0,0,0,1,1
1,1,1,1,1,1,0,0,0,0,1,1,1,1,0,1,1
1,1,0,0,1,1,0,0,0,0,1,1,1,1,1,0,1
0,1,1,0,1,1,0,1,0,0,1,0,0,0,0,1,1
1,1,1,0,1,1,0,1,1,0,1,0,0,1,0,1,1
0,1,1,1,1,1,0,0,0,0,0,1,1,1,0,1,1
1,0,1,0,0,0,1,1,1,1,1,0,0,0,1,1,1
0,1,0,0,1,1,1,0,0,0,1,1,0,1,0,1,1
1,1,0,0,0,0,0,1,1,0,1,0,0,0,1,0,1
1,1,0,1,1,1,0,0,0,0,1,1,1,1,0,1,2
0,1,1,0,0,1,0,1,1,0,0,1,1,0,0,1,2
1,1,1,0,1,1,0,0,0,0,1,0,1,0,0,1,1
1,1,1,0,0,0,0,1,0,0,1,0,0,0,1,1,1
1,1,1,0,1,1,0,1,0,0,1,0,1,0,1,1,1
1,1,0,0,1,1,0,0,0,0,1,0,1,1,0,1,1
0,1,1,0,1,1,0,1,0,0,0,0,0,0,0,1,1
0,1,0,1,1,1,0,0,0,1,0,1,1,1,0,0,2
0,1,0,1,1,1,0,1,0,0,0,0,1,1,0,1,2
0,1,0,1,1,1,0,0,0,1,1,1,1,1,0,0,2
0,0,1,1,0,1,1,1,1,1,0,1,0,1,0,1,2
0,1,0,1,1,1,0,0,0,1,0,1,1,1,0,0,2
1,1,0,1,1,1,0,0,0,1,0,1,1,1,0,1,2
0,0,0,1,1,1,0,0,0,0,0,1,1,1,0,1,2
1,0,1,0,1,1,0,0,1,1,0,0,1,1,0,1,1
0,0,0,1,1,1,0,0,0,0,1,1,1,1,0,0,1
1,0,1,0,0,1,1,1,1,0,0,1,1,1,1,1,1
0,0,0,1,1,1,0,0,0,0,0,1,1,1,0,0,2
0,0,0,1,1,1,0,0,0,0,1,1,1,1,0,1,2
1,0,1,0,0,1,1,1,1,1,1,0,0,0,0,1,1
0,0,0,1,1,1,0,0,0,1,0,1,1,1,0,1,2
1,1,1,1,1,1,1,1,0,1,0,0,1,1,0,1,2
1,1,1,0,0,0,1,1,1,0,0,0,0,0,0,1,1
0,1,1,0,0,1,1,1,1,1,0,0,0,0,0,1,1
1,1,0,1,1,1,0,0,0,1,0,0,1,1,0,1,2
1,1,1,0,0,0,1,1,1,1,1,0,1,0,0,1,1
1,1,1,0,0,0,1,1,0,1,0,0,0,0,0,1,1
1,1,1,0,0,0,1,1,1,0,0,0,0,0,0,1,1
1,1,1,1,1,1,1,1,0,1,0,0,1,1,0,1,2
0,1,1,0,1,1,1,1,0,0,1,0,1,0,1,1,1
0,0,1,0,0,1,1,1,1,0,1,0,0,0,1,1,1
0,1,1,0,0,1,1,1,1,0,1,0,0,1,1,1,1
0,1,1,0,0,1,1,1,1,1,1,0,1,1,1,1,1
0,0,1,0,0,0,1,1,0,1,1,0,0,0,1,1,1
1,0,1,0,0,0,1,1,1,1,0,0,0,0,1,1,1
0,0,0,1,1,1,1,1,0,1,0,1,1,1,0,1,2
0,1,1,0,0,0,1,1,1,1,0,0,1,0,1,1,1
1,0,1,0,1,0,1,1,1,1,0,1,0,1,1,1,1
0,0,1,1,1,1,0,0,1,1,0,1,1,1,0,1,2
0,0,1,0,0,0,1,1,1,1,0,0,0,0,0,1,1
0,1,0,1,1,1,0,0,0,0,1,1,1,1,0,1,2
0,0,0,1,1,1,1,1,1,1,0,1,1,1,0,1,2
0,1,0,1,1,1,0,0,0,1,0,1,1,1,0,0,2
